2622
761
93
809
142
156
165
179
184
727
875
885
240
242
273
280
927
285
289
293
313
3187
330
335
989
383
370
3368
408
1035
1041
3534
500
324
510
1098
557
590
612
623
1166
667
4063
4071
2590
1279
1281
1280
733
1282
4239
4241
1278
2
4
2591
2592
3
6
4247
1283
7
735
5
734
1284
1285
1286
4253
8
1287
4255
2593
1288
2594
9
2595
10
11
2596
736
14
4259
12
2597
16
2598
15
2599
737
738
2600
1289
1290
17
739
1291
19
2601
2602
20
21
4268
1292
1293
4269
4074
2604
26
25
23
24
1294
2603
1295
740
741
2605
4279
4280
1296
27
28
1297
29
30
2606
33
4283
34
1298
35
2607
2608
36
2609
2610
2611
37
38
2612
2613
1299
742
1300
39
1301
4301
2615
2616
2617
1302
4305
1303
1305
1304
2618
4310
41
40
1306
4311
2619
1308
4314
4315
1309
1307
2620
2621
1311
743
744
1312
1210
3937
4322
1310
2623
2624
1314
4323
45
46
47
746
747
748
2626
1317
4336
1318
749
1315
2625
4337
2627
49
2628
50
3938
2629
750
51
2631
2630
2632
1320
52
2633
751
4345
752
2634
1319
53
1321
4348
1322
54
753
55
754
4353
1326
1327
1328
1323
1324
1325
4360
2635
1329
2636
1330
755
1331
2637
56
1332
2638
2639
1334
1333
756
1335
61
2640
1336
1337
2641
1338
2642
1339
1340
60
62
4381
4382
4383
63
59
2643
1342
757
1341
2644
758
759
64
1344
1343
1345
760
1346
2645
1347
1349
1348
65
66
67
2646
68
4397
4399
1350
3940
1211
69
1351
70
71
2647
72
73
1353
1354
1355
4403
1352
1356
1357
1358
1359
2648
1313
2649
762
75
1360
2650
2651
4409
2652
2653
763
2654
1361
2655
764
1362
765
1363
1365
76
1364
77
2656
2657
1366
79
1367
78
2658
2659
1368
80
4082
1369
767
768
769
766
770
4435
3943
4437
1370
1372
81
1373
1371
82
2660
2661
1374
2662
2663
1375
2664
2665
2666
2667
2668
2669
771
2670
2672
2671
772
84
83
1376
2673
1377
4083
85
1378
2674
1379
1380
87
1381
1382
1383
89
1384
2675
1385
2676
1386
1387
2677
91
1388
776
2678
2679
777
1389
2680
1391
1392
2681
2682
2683
1393
1394
1395
2684
2685
2686
94
1390
86
2687
2688
96
1398
4481
2689
1400
2690
1402
1401
2691
2692
2693
1403
2694
2695
2696
1399
1404
1405
97
1406
98
4489
100
2698
1407
2699
101
4495
4497
4499
2702
1408
2701
104
1409
2703
2704
106
780
2705
781
782
783
105
784
785
2706
786
787
2707
1410
1411
788
2709
111
4513
4514
110
2710
2711
789
2708
112
1412
113
4520
1413
1414
2712
1415
1416
2713
791
4529
792
115
2714
116
117
119
1417
118
2715
794
120
121
4534
122
1418
793
4538
795
796
2716
797
124
125
1419
126
2717
4544
128
127
2718
1421
1420
131
1422
2719
132
4094
2720
2721
2722
801
2723
1423
133
802
134
2724
4554
803
1424
1425
4560
2725
804
1426
135
4561
1427
136
805
807
1428
808
137
138
2726
2727
2728
2729
1430
2730
1431
140
2731
139
1429
1396
1435
2732
2733
1437
810
1436
811
1438
1439
1440
2734
2735
1443
145
1442
813
2736
2738
2737
2739
2740
1445
2741
146
2742
1446
2743
2744
1447
2746
147
2747
814
1433
148
149
2749
815
150
2750
1448
151
1450
1451
1453
152
2751
816
817
1452
2752
2753
2754
2755
1454
153
2756
1457
1458
2758
2757
1461
1462
2761
2760
2762
1463
2765
2766
1465
154
1455
2768
2769
157
1467
1466
2771
1470
1468
1469
1471
2772
2773
158
2774
819
2775
1473
2776
2777
2779
2780
1474
2781
1472
2778
2782
4624
820
159
1475
1476
2784
2783
160
161
2786
2785
1477
163
821
164
1478
822
2787
823
1479
2788
2789
2790
2791
2792
1480
162
1481
1482
1484
2797
2799
2796
2798
1485
2800
1486
2801
825
168
169
826
827
1487
2803
1488
828
4647
2802
2804
2805
2806
1489
1490
830
2807
170
171
2808
172
1491
831
1492
2809
2810
2811
2812
1494
1495
173
832
1496
4660
2813
4662
833
176
4663
177
2815
2814
178
180
4667
1498
835
2816
834
185
4670
4671
4672
2817
836
2818
2819
837
838
183
1501
839
1500
1502
1503
2820
840
1504
2821
1505
841
2822
1506
1507
2824
1511
1508
1509
1510
186
1512
2825
1513
2826
1514
2827
2828
2829
842
2831
2830
2832
2833
2834
1516
1515
2835
2837
2836
2838
2839
1518
1517
1519
2840
1499
1432
1441
143
1444
2745
2748
1434
1449
1459
1460
2759
155
2763
2764
1464
2767
1456
2794
3950
2793
2795
1483
166
1493
1497
2823
843
2841
189
188
190
1521
1522
844
2844
1524
2843
2842
2845
1525
191
2846
845
1526
1527
846
2847
2848
847
2851
1528
2850
1529
1531
849
2852
850
2853
1532
1533
194
192
1534
3951
2854
4763
196
4767
197
3952
1536
1537
1538
851
1539
198
1540
2855
852
1541
853
1543
1542
1544
854
1545
855
856
857
858
2856
2857
859
1549
2858
1550
1551
860
1552
1553
1554
1555
2860
2859
1556
199
862
1558
2862
1561
1559
203
2864
1562
1563
863
204
1564
1565
1566
1567
864
2865
1568
202
1569
2868
1570
1571
205
2861
1557
206
1572
2869
1573
207
209
1575
1574
1576
2870
1579
1580
2871
1581
1582
865
1583
1584
1585
1586
1587
1588
1589
4835
187
1520
1523
2849
1530
848
1535
4102
1546
1547
1548
201
1560
2863
2866
2867
1577
212
1578
2872
868
869
2874
2875
1590
2877
2876
1592
1593
1594
870
4871
2880
2878
2879
2883
215
2882
2884
2881
1595
4875
2885
2886
1598
217
4876
1599
1596
2887
2888
218
4883
4884
1600
220
219
2889
4886
221
2890
871
2891
2892
1601
1603
2893
2894
1602
1604
222
223
872
2895
2896
224
1605
1606
873
1607
1608
1609
1610
229
4107
228
4893
874
1611
231
1612
230
1613
1614
1615
1619
1616
214
867
2873
1591
1597
3955
1618
1617
1620
1621
232
1622
2900
1623
1624
2898
2899
880
1625
879
2901
1626
2902
2905
2903
2904
2907
2908
1628
1629
2909
2910
2897
2912
1275
233
881
1633
882
234
2917
2918
4923
1635
1634
1636
235
236
2923
884
1637
1638
1639
1640
2920
2921
1642
2925
2927
1643
2928
2930
1646
1645
2931
887
2932
1650
1651
2936
1656
2938
1658
2939
1659
2942
889
1661
2943
1662
1644
876
1627
2906
2911
1632
2913
1631
2914
883
2915
2916
2919
2922
2924
2926
886
1647
238
1648
239
2933
1649
2934
1652
1654
2935
1653
2937
1655
1657
2940
2941
1660
2945
2944
2946
1664
1663
2948
1665
243
1669
1666
892
2950
2951
894
893
1670
1671
1674
2952
1673
2953
1675
1676
244
2954
2957
1677
2960
2955
2958
897
2956
2961
1678
2962
2963
2964
1679
2965
2966
245
2967
2968
899
2969
2973
2971
900
2970
2974
246
2975
1681
2976
1682
1683
2977
2978
2979
2981
2983
1684
1685
247
1686
1687
2984
1690
1691
2986
1692
902
2987
1693
1694
1695
1696
2988
2989
252
253
2991
2992
903
2990
2994
2993
2996
5030
1697
1698
2997
1699
2998
255
907
1701
1700
1702
1703
4112
3000
1704
3001
259
3002
1706
3003
260
908
1707
1708
1705
261
4113
1709
5052
5053
1710
1711
5056
5057
909
265
1713
911
1714
3006
5064
5067
3009
3010
1716
1717
1715
912
913
914
1718
3012
1719
1720
3013
915
3968
1721
1722
1723
3011
890
2949
1668
1667
1672
1680
2972
2982
2980
1688
1689
2985
251
2995
254
2999
263
3004
1712
3005
3007
3008
241
917
1726
918
3015
1728
919
3016
3017
1729
1730
3018
3019
1731
1732
274
3020
1734
1725
1735
3023
3022
275
3024
3025
1736
1737
923
920
921
922
5117
3026
276
1738
3027
3028
3029
3030
1739
278
1740
1741
277
3031
1743
1744
1742
924
1745
3032
3033
925
3036
3037
3038
3034
3039
279
1747
1749
1219
1750
4121
3042
3972
3040
1748
5139
282
1751
926
3044
3043
1752
1753
1754
1755
3046
283
1756
1757
928
929
284
1759
1758
1760
3047
1761
930
5149
931
3048
1762
932
1763
3049
1764
1765
3050
287
3051
286
1724
3014
1727
3021
1733
3035
1746
281
3971
3041
3045
933
935
3052
5179
1766
3055
290
3056
3058
3057
291
3974
936
5189
1769
3060
1772
5194
1770
3061
938
1773
3062
1774
294
3065
1779
3066
1781
296
3068
1782
3069
3070
1783
1784
3072
3073
1787
3074
942
1789
3076
297
1785
298
5220
3079
944
3083
5224
1791
4126
3082
1799
299
945
3088
1790
3089
3090
1800
1801
947
1803
302
1804
1807
1808
1805
5235
1806
5236
3091
5237
3093
1810
1809
5242
3094
1811
305
948
5246
949
3096
3097
3098
1814
307
306
1815
3100
951
4128
3103
3104
309
3105
3106
1816
5251
4130
5252
3107
3108
1819
3109
1820
954
1821
3111
3112
1823
3113
1824
3114
1828
1829
3115
1830
3117
3118
3120
1833
1818
1834
3125
3124
316
1835
3127
1837
1836
3128
1838
1839
3129
1840
3132
1841
3131
1842
1843
960
3134
1844
1846
1848
962
3142
1853
1854
3143
964
963
3149
3150
3148
3144
1858
3153
1862
1859
1863
1861
1864
3152
3157
3156
965
6853
3158
1869
3159
1870
1871
3160
1872
1874
1873
3163
3164
3165
1875
3166
1877
3167
3168
319
968
3169
1851
3170
3172
1880
1881
320
3173
3174
1882
1883
1884
1885
1886
1879
1887
3175
3176
3177
3178
3179
3180
1891
1892
1894
1895
1852
3181
972
1896
973
3182
3183
3184
1897
1898
321
323
3185
322
3188
1899
3189
1900
1901
1902
1904
1903
1905
3192
1907
3191
3193
1909
976
1910
1911
1912
3195
3196
1913
3197
1914
325
1916
3200
1917
1918
1919
3201
1920
3202
3203
3204
3186
288
3053
3054
1768
3059
292
1771
1775
1776
939
1777
3063
3064
3067
295
940
1778
1780
3071
1786
3075
941
3077
3078
1792
1794
1795
3080
1796
3081
3975
1793
1797
1798
3084
3085
3086
3087
300
946
301
1802
3092
303
304
1812
3095
1813
3099
3102
3101
1817
5391
3110
955
1822
1825
1827
1826
3116
957
1831
3119
1832
3121
3122
312
315
3123
3126
3130
3133
1845
3135
3136
3137
3138
3140
3139
3141
1849
1850
1847
953
1855
3147
1856
3145
3146
1857
3151
1860
3154
3155
317
1865
1866
1867
1868
3161
3162
318
1876
5408
1878
3171
1889
1888
1890
971
1893
974
1906
975
3190
1908
3194
1915
3198
3199
1921
979
3205
1924
3207
3206
1925
3208
3209
3210
3211
3212
980
3214
3216
3215
1927
3217
3218
981
1928
327
3219
1929
1930
3222
3223
3224
3225
329
982
3221
1932
331
5446
1931
721
1933
1934
333
983
1935
1936
984
1937
334
3228
3227
1220
4138
1221
5454
5455
985
1939
3229
5456
986
1940
1941
987
3232
1942
5460
988
340
3233
3234
1944
342
5463
343
3236
1922
3213
1926
5466
3220
3226
3986
1938
3230
3231
4145
3235
1923
1946
1948
1947
1950
1951
1952
3238
5479
1953
3239
3241
3240
1954
1955
992
3242
1957
1956
3243
1958
3244
1960
3245
345
1961
3246
1962
3247
1963
3248
1964
1965
3249
3250
3251
1966
3252
993
3253
1967
3254
344
3255
994
1968
3256
1969
1970
995
1971
3257
1973
3258
1974
347
3259
3260
1976
996
1978
1972
3261
997
348
349
3262
4147
1980
3263
1983
3265
1987
1985
3267
354
3268
999
3269
355
3270
3271
3272
1000
3274
3275
1001
3277
351
3237
1949
1959
1945
1975
1977
5539
1979
1982
1984
3264
1986
3266
1988
1989
1990
3273
356
3276
1981
4150
3278
1993
3281
3282
3283
1995
3284
5553
358
3286
1996
1997
1998
1999
3288
3290
3291
3294
3295
2000
3296
3297
5568
360
2001
3298
5573
3299
2002
4151
2003
1003
361
3990
362
3300
3991
1004
2004
363
2005
5581
5582
5583
5584
5585
365
1005
1006
2006
366
3301
368
369
5594
5593
5595
5596
5597
3302
3303
3304
5600
3305
2008
2009
2010
2011
3307
1222
1223
2007
1994
3279
3280
3285
3287
3289
1992
3292
3293
3306
2014
2015
2016
2017
2019
3311
3312
3313
2020
2022
3314
2023
2021
3315
2025
3317
3318
375
2026
3319
2027
2028
2030
1012
2033
3320
2034
2035
2037
3323
5608
3324
3325
2038
1013
378
3327
2041
2040
3328
3329
380
3330
2043
3331
2044
1014
2045
3332
2046
1015
1016
2048
2049
2050
1018
3334
1017
3333
2051
2047
2052
3335
2053
5647
2054
5651
3997
384
386
1020
385
1021
3338
1022
2056
2055
2057
387
1024
1023
388
3339
389
2058
5662
2059
390
392
393
2061
5666
5667
3340
2060
3341
2064
2065
5670
3342
1025
2066
2067
1026
3343
2069
3345
3346
2070
3347
2072
2073
3348
3350
5682
2075
2076
2077
3353
3308
2012
3309
371
2018
3310
3316
373
2024
1009
1010
2029
376
2031
2032
1011
3322
3321
2036
2013
3326
3995
382
3336
3996
3337
5705
2062
2063
4158
395
394
3344
2071
3349
1027
2074
397
3351
3352
1028
2068
2079
398
2078
2080
400
3354
402
2084
3355
3356
3357
403
3358
3359
1030
2081
2083
2082
401
2085
5717
2086
2087
2089
3360
3361
2088
404
3362
2090
405
3363
3364
3365
5724
3366
2091
2092
2093
3367
406
3369
407
4002
2094
1031
2096
3370
2097
2098
1033
3372
2100
2101
2099
3371
3373
3374
3375
2102
2103
2095
3376
2104
3377
2105
3378
2106
2107
3379
3380
3381
3382
5758
3383
409
3384
3385
3386
2108
3387
2109
3388
3389
3390
3391
2110
3392
3393
3394
410
3395
3396
3397
3398
1036
3399
1029
3400
411
5780
2112
2113
2114
3401
2115
2117
2116
3403
3402
3404
3405
3406
412
1037
2118
2119
413
2120
2122
3407
3408
3409
3410
2121
2123
414
416
417
415
3411
418
1038
1039
3412
2124
3413
2126
1043
2125
1040
1042
419
2127
3415
3416
2128
3417
3414
2129
2130
3419
3420
3418
5819
420
5821
3421
1044
2131
3422
421
2132
3423
5822
2133
3424
2134
422
3425
3426
2135
3427
1045
1046
2136
3428
2139
3429
3430
3431
3432
2140
2141
3434
2142
3433
3435
2143
1047
2144
3438
3441
2147
2148
1048
2149
2150
2145
3442
3444
2152
3446
3447
2156
3449
2154
2155
1049
3448
2157
2158
2153
3450
1050
3451
2159
3454
1051
3455
1053
3456
437
2160
2161
3458
3461
2163
3463
1057
1052
423
2137
2138
3437
3436
427
3439
3440
2146
2151
430
3443
3445
4004
5885
3453
3452
435
3457
438
439
2162
3459
3462
3460
1055
3464
1056
3465
3466
440
3467
2164
2166
3468
3471
3470
3473
3475
3474
3476
2169
3477
2172
3478
3479
2174
3480
3481
3482
3483
2165
451
2178
3485
2179
1061
1062
450
2180
3486
3487
454
2181
2184
3488
3489
2187
3490
1063
3491
1064
2182
455
3492
2190
3494
3495
5929
5930
3496
457
2191
2192
2193
2194
3497
458
2195
2196
3498
1065
2197
1066
5936
2198
462
3499
2199
1067
3500
464
5947
2200
3501
2201
466
467
1068
5955
468
2203
2202
3503
2205
2206
3504
1069
3505
3506
470
472
473
2208
4012
441
2167
3469
2168
1058
3472
5987
446
2170
2171
4164
447
2173
448
449
2175
2176
2177
3484
445
4165
2185
2186
2188
2189
2183
3493
6005
456
460
461
4166
463
6008
3502
2207
1070
2209
1226
475
4013
3507
3508
3509
2211
476
1071
6020
3510
1073
2213
2214
3512
3513
3514
478
479
2212
3511
2216
2215
2218
2217
482
1074
481
3515
6025
1075
6032
2219
3516
6034
483
3517
2220
2221
3518
484
3519
2222
487
3520
2223
6040
3521
3522
6041
489
2224
3523
490
2226
2225
3524
2228
2227
2229
491
3525
492
493
6057
3526
494
1076
2230
495
3527
2232
2231
2233
6066
6067
3528
3529
6060
2210
2234
3530
2235
3531
1077
3532
2236
497
2237
3533
3535
3536
498
1078
3537
499
3538
2238
3539
3540
2239
3541
1079
2240
4015
2241
3542
3543
502
3544
2243
3545
3546
1082
3547
504
2244
1083
2245
496
3548
2246
505
2247
1084
2248
3549
506
1085
2249
2251
2252
508
3550
6098
2253
2254
2255
3551
2256
3552
1086
1087
3553
1088
1089
3554
3555
509
2258
2259
2260
3556
2261
2250
2264
2265
3557
3558
3559
2266
3560
3561
2267
2263
2268
6125
2269
3562
2270
1090
2271
2272
2273
2274
2275
2276
2277
2278
3563
512
514
1091
3565
3566
3564
515
4171
3567
2262
3568
3569
520
2280
2281
521
518
3572
3573
2284
3575
2285
2282
522
3574
3576
4172
2286
2289
523
3577
2290
1097
524
3578
6162
3579
2291
526
3580
530
525
2292
527
529
3581
1099
1101
2293
3582
6169
2297
3584
533
2298
534
2294
2296
3583
2295
535
1228
3585
2299
2300
2301
3586
2303
2304
2305
1102
536
3587
3588
2306
3589
3590
2307
3591
3592
539
540
3593
3594
1103
3595
2308
537
538
3596
2309
2311
541
2310
2312
3597
3598
6194
542
543
3599
1104
3600
3601
3602
1105
2314
3603
3604
2315
544
545
547
546
2316
3605
3606
2317
3607
2318
3609
3610
1107
2319
3612
2320
2321
555
548
516
1093
3570
3571
1094
6220
2283
2287
2288
1100
2302
4026
6228
2313
1106
553
3608
3611
549
2279
3613
1109
3615
2323
3616
1111
1110
2322
3614
556
3617
3618
3619
1112
3620
3621
3622
3623
560
558
559
2324
3624
1113
2325
1114
3625
2326
1116
2327
3626
2329
562
3627
3628
3629
3630
3631
1117
3632
3633
2331
2332
3634
1118
2330
2333
2334
2335
3635
2336
564
3636
3637
6266
3638
3639
3640
6267
2337
566
563
6268
3641
3642
3643
3644
3645
2338
2339
3646
3647
3648
567
2340
2342
568
6277
3649
2345
2346
3652
3651
3653
2347
2349
3654
2350
3655
6280
2343
571
3656
1119
572
574
1121
2351
3657
3658
3659
3660
3661
1108
2328
6296
2341
569
570
2348
2344
3650
3662
3663
2352
4180
4031
2355
2356
3664
576
2357
3665
1122
2358
1123
3666
2359
3667
3668
3669
1124
3671
1125
3670
3672
2361
2362
3673
3674
3675
2363
579
580
3676
3677
2364
3678
3679
3680
3681
6321
2367
2365
2368
2369
3685
2370
2371
2372
3686
2374
2375
581
583
3687
2376
2377
1127
584
2381
585
1128
1129
3689
1130
3691
2383
1131
3692
2384
3693
1132
3694
3695
586
3696
3697
2385
588
2386
3698
3699
587
2387
3700
589
4198
2389
3701
3705
2353
2360
3682
3684
3683
2366
2373
2378
2379
3688
4187
6362
4188
2380
3690
2382
6366
3702
1133
1134
3704
3703
591
3706
2390
3707
3708
3709
1135
3710
2391
2392
3711
3712
2388
2354
3713
2394
3714
3715
3716
3717
3718
3719
2395
2393
3720
6387
593
3721
596
2397
2398
2399
2401
3725
1137
597
3722
2396
3723
1136
599
3726
2402
600
4201
3728
3729
3730
2405
2406
3732
2407
3733
3734
3735
3737
3738
2408
2409
3740
2410
1140
3742
601
2411
2412
604
3743
3746
2413
606
2414
1142
3748
608
2415
3749
2418
6443
2417
4205
2416
2419
2420
2421
2422
2423
3751
614
2425
3754
2426
1143
3755
611
1138
3727
2404
3731
602
3736
3739
3741
2403
3744
3745
1141
3747
3750
6479
3753
4044
3752
4206
3756
2427
3757
3758
1144
622
2428
624
3759
2429
1145
2430
3760
4208
2431
4048
3761
6498
3762
2432
3763
6506
2433
625
2435
2434
3764
6508
3765
626
627
3766
3767
3768
2436
1146
628
2437
3769
3770
3771
3772
3773
630
2438
2439
3774
629
3776
3777
3775
632
2440
1147
2442
3778
2441
6523
6524
2443
3779
2444
3780
633
6530
2445
3781
2446
3782
1148
2447
3783
1150
2448
3784
1151
635
634
3785
1152
2450
3786
3787
3788
2451
3789
636
637
2452
3790
638
6546
1153
3791
3792
639
3793
641
640
1154
3794
3795
2453
642
643
644
6559
1155
1156
3796
2455
645
3797
1158
647
3798
1157
3799
3800
3801
3802
2456
3803
3804
648
2457
2458
2460
3805
2459
2461
2462
649
3806
650
3807
2449
651
2463
1160
1159
2464
1161
2465
2466
3808
652
3810
2467
2468
1162
3811
3809
3813
1163
2469
1164
3812
653
2470
2471
654
2472
3814
655
2473
1165
3815
2474
3817
3819
3821
3818
2475
2476
3820
3822
3823
2477
2478
3816
3824
658
3825
3826
3827
3828
1167
3829
2479
3830
1168
3831
6614
4215
2480
6617
6618
3832
2482
3834
3835
3833
3836
2483
2481
656
659
3837
3838
1169
2484
3839
2485
1170
2486
2487
3840
3841
2488
2489
3842
3843
6637
6639
6641
6636
2491
6643
2492
2493
2494
3844
6645
663
2495
662
2498
2499
3845
2496
2497
1171
3846
2500
2501
3847
2502
3848
3849
664
3850
1172
3851
2503
3852
2504
1173
3853
2505
666
3854
665
668
6665
3855
6667
3856
3857
3858
1176
3859
3860
3861
2506
1174
3862
1177
3863
669
670
3864
671
672
673
3865
6680
2507
2508
3866
6682
674
1232
6683
2510
2509
3867
2511
1277
2512
3868
675
6686
3869
2513
6687
1178
2514
3870
3871
677
2515
2516
2517
2518
2519
2520
3872
3873
2521
3874
2522
680
681
3875
3876
2523
2525
3877
2524
682
3878
3880
3879
2526
3881
2527
3882
732
6711
3883
1183
1182
1184
3884
2528
1185
1179
2529
6720
1187
684
3885
2531
2530
3886
3887
2532
1188
2534
2533
3888
2535
3890
3889
2536
3891
3892
2537
685
3893
3894
3895
3896
1186
2538
3897
686
3898
2539
6741
687
3899
1189
2540
1190
2541
3900
2542
3901
688
689
3903
3902
1191
2543
2544
3905
3906
3904
2545
690
2546
2547
3907
2548
691
2549
1192
2550
4056
692
2551
1193
2552
693
6719
3908
2553
3909
2554
3911
3910
2555
2556
3912
3913
2557
2558
2559
2560
699
2561
3914
3915
2562
2563
1194
3916
2565
3917
2566
3920
3918
3919
702
2564
1197
703
1195
3921
3922
1198
3923
2567
2568
705
3924
3925
1199
704
1200
2570
3926
2569
3927
3928
708
2571
2572
1201
709
2573
3929
2574
3930
710
2575
3931
2576
2577
4062
4064
712
1202
713
1203
2579
4065
6813
2580
1204
2581
1205
6816
1206
714
2582
716
715
717
2583
2584
4066
4067
2585
1207
1208
4068
4069
4070
719
2587
2586
1209
2588
2589
2578
6894
3933
3934
3935
1233
4073
1234
1235
32
1236
1237
1239
3936
4075
4076
3939
4077
3941
4078
3942
4081
4079
4080
1240
4086
3944
4087
92
3945
4088
3946
4095
4089
1241
4090
1274
4097
4098
174
4100
182
4101
1242
3948
4096
1214
1243
1244
4099
1245
3953
4104
3954
726
193
4103
3956
226
3960
4106
3959
4105
3957
227
3958
3961
1246
3963
4111
258
3967
4115
4117
4116
1247
4118
1248
4108
3964
248
3965
249
4109
4114
3966
4120
3970
1249
4122
1250
1251
4123
4119
3969
4129
310
311
4131
4132
4124
4125
1767
1252
4127
3977
3973
3978
328
4133
3981
4134
4135
3982
3984
3985
3983
4136
4137
1257
4139
4140
4141
4142
3987
337
338
4143
4144
341
1253
1254
3979
3980
3988
4148
3989
4149
346
4146
350
3992
4152
1259
3993
381
3994
4153
4154
4155
4156
4157
3998
4159
4001
4160
3999
4000
1260
431
1261
4162
436
4005
4163
426
424
425
4161
433
4003
444
4006
4008
4010
4167
4014
443
4007
4009
4011
477
4168
4169
503
507
4170
4016
511
4020
552
4028
1264
4179
4019
4173
531
532
4175
4025
4176
4027
4178
4021
4022
4023
4024
4174
4177
4018
517
4182
4032
4183
1266
4184
4029
1265
4030
4181
4033
4185
4186
575
578
4189
4194
4190
4191
4036
4196
4034
4192
4193
4035
4195
1268
4037
4197
577
4200
594
4199
1269
4038
4039
4202
592
610
4042
609
4040
4041
4203
4043
603
605
4204
607
4047
4207
4209
4049
631
4210
4211
4212
4046
4213
4050
4051
4216
4052
4053
4214
657
4218
4219
4220
4217
4054
4055
4057
4058
697
4221
4222
4223
4224
4225
4226
4231
4227
4228
706
4229
707
4230
4059
4232
4060
4233
4234
7095
711
4061
4235
2697
