93
141
142
156
165
179
184
727
240
242
728
273
280
285
314
289
293
3187
330
335
383
370
408
442
486
500
324
510
519
550
557
590
612
615
623
667
2
4
6
7
8
9
10
11
13
14
12
16
15
17
18
19
20
21
22
25
23
24
27
28
29
30
33
34
35
37
39
41
40
44
4323
45
46
4337
49
50
51
52
53
54
55
57
58
56
61
60
62
63
59
65
66
67
68
69
70
71
72
74
73
75
76
77
79
78
80
81
82
83
85
88
87
89
90
91
94
86
95
96
98
100
101
102
103
104
106
105
107
108
111
110
2708
112
113
114
115
116
117
119
118
120
121
122
123
124
125
126
128
2718
130
131
133
134
135
136
137
138
140
139
145
146
147
148
149
150
151
152
153
154
157
158
159
160
163
164
162
169
826
170
171
172
173
175
176
177
178
180
185
183
186
144
143
155
166
189
190
191
194
192
195
196
197
198
199
203
204
202
205
206
207
208
209
213
187
200
212
215
216
217
218
220
219
221
223
224
229
228
231
214
233
234
235
236
237
238
239
243
246
247
252
253
255
256
259
260
261
262
265
266
268
269
270
271
251
904
254
263
241
275
276
278
277
279
282
283
284
287
286
281
290
291
294
296
297
298
299
302
305
307
306
309
316
319
320
321
323
325
288
292
295
300
301
303
304
312
315
317
318
326
327
329
721
333
334
340
342
343
345
344
347
348
349
352
353
354
355
351
356
5553
358
5573
361
363
366
368
369
372
375
2027
377
378
380
384
386
387
388
389
390
391
392
393
396
371
373
374
376
382
394
397
398
400
402
403
401
404
405
406
407
409
410
411
412
413
414
416
417
415
418
419
420
421
422
428
437
423
427
429
430
432
434
435
438
439
440
451
452
450
454
455
457
459
462
464
466
467
468
471
470
472
473
441
446
447
448
449
445
456
460
463
469
474
475
476
478
479
481
485
484
487
489
490
491
492
493
494
6060
497
498
499
501
502
504
496
505
509
512
513
514
515
520
521
518
522
523
524
530
525
527
529
3581
533
534
535
536
539
540
537
538
541
542
543
544
547
555
548
516
553
554
549
556
560
558
559
561
562
565
564
566
563
567
568
571
573
572
574
569
570
576
579
580
581
583
584
585
586
588
587
589
582
593
596
597
599
600
601
604
606
608
613
731
611
602
616
618
619
621
622
624
625
626
627
628
630
629
632
633
635
634
636
637
638
639
641
640
642
643
644
646
647
648
649
650
651
652
653
654
658
656
659
660
661
2494
663
662
664
666
665
668
669
670
671
672
673
674
675
676
677
679
680
681
682
732
6720
684
685
687
688
689
690
691
692
694
695
696
699
700
701
702
703
705
704
708
710
712
713
714
716
715
717
718
719
32
92
174
182
726
193
226
227
258
248
310
328
336
337
338
341
339
346
350
381
431
436
426
424
425
433
444
443
477
503
507
511
552
531
532
551
730
517
575
578
577
594
598
610
609
603
605
631
657
697
706
707
711
