141
866
885
289
989
379
442
4238
4240
4242
2591
4245
4246
4249
5
4250
4252
4254
9
4257
4258
4260
12
4261
4262
4263
6828
4264
4265
4267
4266
1292
4270
4271
4272
6829
6830
4273
4274
4275
4276
4278
1296
4277
4281
4282
4284
4286
4287
4288
4289
4291
4293
4294
4295
4296
742
4297
4298
4299
4300
4302
4303
4304
4306
4308
4309
4312
4316
4317
4319
4318
4320
4321
4324
4325
1314
4326
4327
4329
4328
4330
4332
4333
4335
1315
2625
4339
4340
750
2631
4342
4344
4346
4347
1319
4349
4350
1322
4352
4356
4358
4359
4361
4363
4364
4366
4367
4368
4369
4370
4371
4372
56
4373
4375
4374
4376
4377
4378
1337
4380
4384
757
1341
4385
4386
4388
4389
4390
4391
4392
4393
4394
4395
4396
4398
1351
4400
4401
4402
4405
4407
4406
1313
4408
4411
4410
4412
4413
4414
4415
6831
4416
4419
4421
6832
6833
4423
4424
4425
4427
4426
4428
4429
4430
6834
4431
4432
4433
4434
4436
4438
4439
2660
4441
4442
4443
4444
4445
4446
4447
4448
4449
4450
4451
4452
4453
4454
4455
4456
4457
4458
4460
4461
1384
4462
4463
91
4464
4465
4466
4467
4468
4469
4470
4471
4472
4473
4474
4475
4476
4477
1390
86
4478
4479
4480
4482
4483
4484
6835
4485
1399
4486
4487
4488
4490
4491
4492
4493
4494
4498
4500
4501
4502
4503
4504
4508
4509
4510
6836
4511
4512
4515
112
4517
4518
4519
4522
4521
4524
4525
4526
4527
4528
4531
4530
4532
4533
4535
4536
4537
4539
4540
4541
4543
4545
4546
4547
4548
4549
4550
4551
4553
4555
4556
4557
4558
6837
4562
4563
4565
4566
4564
805
4567
4568
4569
6838
4571
1396
4572
4573
4574
4575
4576
4577
4578
4579
4580
4581
4582
4583
4584
4585
146
4586
4587
4588
4589
4590
2746
4591
4592
4593
4594
4595
4596
4597
4598
4599
4600
4601
4602
4604
4603
4606
4605
4607
4608
4609
4610
4611
2766
154
4613
4614
4615
157
4612
2771
4617
4618
4619
4623
4625
4626
4627
4628
4629
2784
4630
4633
4634
4635
4636
4637
4638
4639
4640
1482
4641
4642
825
4643
4644
4645
4648
4650
6839
4652
4653
4654
4655
1492
4657
4658
4659
173
4661
4664
4665
4666
4669
4668
4673
4674
4675
4676
4677
4678
1505
4679
4680
4681
4683
2824
4684
4682
4685
1513
4686
4687
4688
4689
4690
4691
4692
4693
4694
4695
4697
4696
4698
1518
4699
4700
4701
2840
1499
4703
4702
4704
4705
4706
4707
4708
4709
4710
4711
4712
4713
4714
4715
4716
4718
4719
4720
4722
4721
4723
4726
4727
4728
4729
4730
4731
4732
4734
4725
4735
4736
1524
4737
4738
4739
4741
4742
4743
2845
4740
845
4744
1526
1527
4745
4746
4748
4747
4749
2851
4750
4751
4753
4754
6840
4755
4756
4758
4759
4760
4761
4762
4764
4766
4768
4769
4770
4771
4773
4774
4775
4776
4777
4778
4779
4780
4781
4782
4783
4784
4785
4786
4787
4788
4789
4790
4791
4792
4793
4794
4795
4796
4797
4798
1556
4799
862
4801
2862
4802
1559
4803
4804
4805
4806
4808
4809
4810
1563
4811
4812
1564
4814
6841
4815
4816
4817
4818
4819
202
4820
4821
4822
4823
4824
4825
4828
4827
4830
6842
4832
1573
4833
4834
4836
4837
4838
1582
4839
4841
4842
4843
4844
4835
4845
4846
4847
4848
4849
4850
4851
4852
4853
4855
4856
4857
4858
4859
4860
4861
4862
4863
4864
4865
4866
4867
4868
4869
4873
4874
4878
4879
4880
4881
4882
4885
4887
4888
4889
4890
4891
4894
4895
4896
214
4897
4898
4900
4901
4902
4903
4904
1617
1620
4906
4905
1622
4907
4908
4909
4910
4911
4912
4913
4914
4915
4916
4917
4918
4919
2897
4920
4922
4924
1635
235
4925
4926
4927
4928
4930
4931
4932
4933
4934
4929
4935
4936
4937
4938
4939
4941
4942
4943
4944
4945
4946
4947
4948
2943
4949
4950
4951
1644
6843
4952
4953
4954
4955
4956
4957
4959
2933
4960
4961
1654
4962
2935
4964
4963
4965
4966
4967
4968
4969
4970
4971
4972
4973
4974
4975
243
4977
4978
2951
4979
894
893
4980
4981
4982
4983
4984
4985
2960
4986
4988
4987
4989
897
4990
2961
4991
4992
2964
1679
2966
4993
4994
898
2971
4995
4996
4997
4998
2974
4999
2975
1681
5001
5000
5002
5003
2979
5005
5004
2947
5006
5007
5008
5009
5011
5012
5013
5014
5016
5017
5018
5020
5019
5021
5022
5023
5024
5026
5025
5027
250
5032
1698
5031
5033
5034
5035
5036
5037
5038
5039
5040
5041
5042
5043
5044
5045
5046
6844
5049
5048
5050
5051
5054
5055
5058
5059
5060
5061
5063
5065
5066
5069
5068
5070
5071
5072
5073
5076
5077
5079
5080
5081
5082
5083
2985
5085
5086
5090
5091
5095
5096
917
5098
5097
5099
5100
5101
3015
1728
5102
5103
5104
5105
5106
5107
5108
5109
5110
5111
5112
5113
5114
5115
5116
5119
5120
5121
5122
277
5123
1744
5124
5125
5126
5127
5128
3037
6845
5130
5132
5133
5135
5136
5137
5138
5140
1751
5142
6846
5144
5145
5146
931
1762
5150
5151
5153
5154
5155
5156
5157
5158
5159
5160
5161
5162
286
5164
5165
5166
5163
5167
5168
5170
5169
5172
5173
5174
5175
5176
5178
5177
5180
5181
5182
5183
290
3057
5187
5186
5188
5185
5191
5192
5193
5195
5196
1770
5198
5199
5200
5201
5202
5203
5204
5205
5206
5207
5208
5209
5210
5211
5212
5213
5214
5215
5216
5217
5218
5219
6848
5221
5222
5223
5225
5227
5226
5228
1800
6849
5229
5230
5231
5232
5233
5234
5239
5240
5241
1809
5245
5247
3096
5248
5249
5250
5253
5254
5255
5256
5257
5258
5259
5260
5261
5262
5264
1823
5263
5265
5266
5267
3120
1818
5268
5269
5270
6851
5271
5272
5273
5274
5275
5276
5278
5277
5279
5280
5281
5282
5283
5284
5285
5286
5288
5287
5289
6852
5290
5291
5292
5293
5294
5295
5296
6850
5297
1853
5299
5300
5301
5302
5303
5304
5305
5306
5307
6853
5308
5309
5310
1877
5311
5312
5313
5314
5315
5316
5317
5318
5319
5320
5321
5322
5323
5324
5325
5326
5327
5328
5329
6854
5330
1852
5331
5333
5334
5336
5338
1902
1904
5339
5340
5342
5341
5343
5345
5344
5346
5347
3193
5348
5349
5350
5351
5352
5353
5355
5354
5356
5357
5358
5359
5360
5361
1920
288
5362
5363
1771
5364
5365
5366
5367
939
5368
5369
5370
5371
5372
5373
5374
5375
1786
6847
5376
5378
5379
5380
5382
5381
946
5385
5386
5387
5388
5389
5390
5392
5394
5395
5393
5397
5398
5400
312
5401
5402
5403
5404
5405
5409
5410
5411
5412
5415
5414
5413
5416
5417
5418
5419
5420
5421
5408
5422
5423
5424
1888
5425
5426
5427
5428
5429
5430
5431
6855
5434
5435
1925
5436
5437
5438
5439
6856
5440
5441
5442
5443
5444
5445
5448
5449
5450
5452
5457
5458
5459
342
5462
5464
5465
5467
5468
5469
5470
5471
5472
5474
5473
1947
5475
5476
5477
1952
5478
3238
5479
5480
5482
3240
5481
5483
5484
5485
5486
5487
5488
3243
5489
5490
5491
5492
5493
5494
3245
1962
5495
5496
5497
1966
5498
5499
1967
5500
5501
5502
5503
5504
5505
5506
5507
5508
5510
5509
5511
5512
5513
5514
5515
5516
1972
5517
5518
5519
5521
5520
5522
1983
5523
353
5524
5525
5526
5527
5528
5529
3272
5530
5531
5532
5533
5534
351
5535
5536
5537
5540
5541
5542
5543
5544
5545
5546
1981
5547
5548
5549
5550
5551
5552
3283
1995
5554
5555
1991
1996
5556
5557
5558
5559
5560
5561
5562
5563
5564
5565
5566
5567
5569
5570
5571
5574
5572
5575
5576
5577
5578
5579
5580
5586
5587
5588
5589
5590
5591
3301
5598
5599
5601
5602
5604
5605
5606
1992
5607
5609
5611
5610
5612
5613
5614
5615
5616
5617
5618
5619
5621
5620
5622
3317
5623
5624
5625
5626
5627
5628
5629
5630
5631
5632
5608
5633
5635
5636
5637
5638
3331
5640
5641
5642
5643
5644
6857
5648
5649
5650
384
6859
5654
5655
385
5656
5657
5658
5659
6860
5663
5664
5665
6861
5668
5669
5671
5672
5673
5674
5675
5676
5678
5679
3345
5680
5681
5683
5684
5685
5686
5688
5687
5690
5691
5692
5693
5694
5695
5696
5698
5699
5700
6858
5701
5702
5703
5704
5707
5708
5709
5710
5711
5712
5713
5714
5716
5718
5719
5720
6862
5721
405
5722
5723
5725
5726
5728
5729
5730
5731
5732
5733
5734
5735
5736
5737
5738
5739
3372
5741
5742
5743
5745
5748
5749
5751
5752
5753
5754
5755
5756
5757
5759
5760
5762
5763
5750
5764
5765
5766
5767
5768
5769
5770
5771
5772
1036
5773
5774
5775
5776
5777
5778
5779
5781
5782
5783
2111
5785
5786
5787
5788
5790
5791
5792
5793
5794
5795
5796
5797
6863
5798
5799
3411
5800
5801
6864
5803
5805
5806
5804
5808
5809
5810
5811
5812
5813
5814
5815
5818
5817
3422
2134
5823
5824
5825
5826
5827
5828
5829
5830
5831
5832
5833
5834
5835
5836
5837
5838
5839
5840
5841
5842
5843
5844
5845
5846
5847
5848
5849
5850
5851
5852
5853
5854
5855
5856
5857
5858
5859
5860
5861
5862
5863
5864
5865
3456
5867
5866
5868
5869
5870
2161
5871
5872
5875
5873
6865
5876
5877
5878
5879
5880
5881
1052
5882
5883
5884
5886
5887
5888
5889
5890
5891
5892
5895
5894
5896
5897
5898
5899
5900
5901
5902
6866
5903
5904
5905
6867
5906
6868
5908
5909
5910
5911
5912
5913
2165
5914
5915
5916
5917
5918
5919
5920
5921
5922
5923
5924
5925
2182
5926
5928
5931
5932
5933
2195
5934
5935
5937
5939
5940
5941
5942
5943
5944
5945
5946
5948
5950
5951
5952
5953
5954
5956
5958
5959
2202
5960
5961
5962
5963
5964
5965
5966
5967
5968
5969
5970
6870
5971
5972
5973
5974
5975
5976
5978
5979
5981
5980
5982
5984
5985
5983
5986
2170
5988
5990
5991
5992
5993
5994
5995
5996
5997
5998
2175
5999
445
6000
6002
6003
6004
6006
6007
6009
6869
6010
6011
6012
6013
6871
6872
6014
6015
6016
6017
6018
6019
6021
6022
6023
6024
6873
6026
6027
6028
6029
6874
6031
6030
6033
6035
6036
6037
6038
6039
6042
6043
6044
6045
6046
6047
2227
6049
6050
6051
6052
6053
3525
6054
6055
6056
6059
6058
6063
6062
6068
6060
6069
6070
6071
6072
6073
6074
6075
6076
6077
6078
6080
6081
6082
6083
6084
6085
6086
6087
6088
6090
6091
496
6092
6093
6095
6096
6097
6099
6100
6101
6102
6103
6104
6105
6106
6107
6108
6109
6110
509
2258
6876
6875
6112
6113
6115
6116
6117
6111
2250
6118
6119
6120
6121
2263
6122
6123
6124
6126
2274
6127
6128
6129
6130
6131
6132
6133
6135
6134
6136
6137
6138
6140
6139
6141
6142
6143
6144
6145
6146
6877
6147
6148
518
3573
6149
6151
6152
2285
6153
6154
6155
6156
6157
6158
6159
6160
6161
6164
6167
6168
6165
6170
6171
6172
6173
6174
6175
6176
6179
6180
6181
6182
6183
6185
6184
6186
6187
6188
6189
6190
6192
6193
6191
6195
6196
6197
6198
6199
6200
6201
547
3605
6202
6203
6204
6205
6206
6207
6208
6209
6210
6211
6212
6214
6213
6215
548
516
6216
6217
6218
6219
6221
6222
6223
6224
6225
6227
6229
6878
6231
6233
6234
6235
6236
6238
6239
6240
6241
6242
6243
6244
2325
6245
6246
6247
6248
6249
6250
6252
6251
6253
6254
6256
6257
6259
6260
6879
6262
6263
6264
6269
6271
6880
6272
6270
6273
6274
6276
6278
6279
6281
6280
6282
6283
6284
6286
1121
6287
6288
6289
6290
6291
6292
1108
6294
6295
6297
6298
6299
6300
6301
6302
6293
6303
6305
6306
6307
6308
6304
6309
6310
6311
6312
3669
6314
3670
6315
6316
579
6317
3677
6318
3678
3679
6319
6320
6322
6323
6324
6325
6326
6327
6328
6329
6331
6332
6333
6334
6335
6336
6337
6338
6881
6340
6341
6882
6342
6343
6344
2385
6345
6346
6347
6348
6349
6350
6351
6352
6353
6355
6354
6356
6357
6359
6360
6361
6363
6364
6365
6367
6368
6369
6370
6371
6372
6373
6375
6374
6376
6377
6378
6379
6380
3714
3715
6381
6382
6383
6384
6385
6386
6388
6389
2398
6390
6391
6392
6393
6394
6395
6396
6397
6398
6399
6400
6401
6402
6404
6405
6406
3728
6407
6408
6410
6412
6411
6413
6414
6409
6415
6416
6417
6418
6419
6420
6421
6422
6423
6424
6425
6426
6427
6428
6429
3746
6430
6431
6432
6433
6434
6435
2414
6436
6437
6438
6439
6440
6441
6442
6444
6446
6447
6448
6449
6450
6451
6452
6885
6453
6454
6455
6457
6458
6459
6460
6403
6461
6462
6463
6464
6465
6466
6467
6468
6469
6470
6471
6472
6883
6473
6884
6474
6475
6476
6477
6478
6481
6483
6482
6484
6485
6486
6487
6488
6490
6491
2429
6495
6494
6496
6497
6499
6501
6502
6503
6504
6505
626
6510
6512
6513
6514
6515
6516
629
6518
6519
6517
6521
6522
6526
6527
6528
6529
6531
6532
6533
6534
6535
6536
6537
6538
6539
6540
6541
6542
6886
6543
6544
6545
6547
6548
6549
6550
6551
6552
6553
6554
6555
642
6556
6557
6558
6560
6561
6562
6563
6564
6887
6565
6566
6888
6567
6889
6890
6568
6569
6570
6571
6572
6574
6575
6576
6578
652
6580
6581
6582
6583
6585
6586
6587
6584
6588
6589
6590
6593
6592
6591
6594
6595
6596
6597
6598
6599
655
6600
6601
6602
6603
6604
6605
6606
6607
6608
6609
6610
6611
6612
6613
6615
6616
6891
6619
6620
6621
6622
6623
3838
6624
6625
6627
6626
6628
6629
6630
6631
6632
6633
6634
6635
6638
6640
6642
6644
6647
6648
6649
6651
6652
6653
6654
6655
6656
6657
6658
6659
6660
3853
6661
6662
6663
6666
6668
6670
6671
6673
6674
6676
6677
6678
6679
2510
6685
3869
6688
6689
6690
6691
6664
6692
6693
6694
6695
3871
2515
6696
6697
6698
6699
6700
6701
6702
6703
6704
6705
6706
6707
6708
6709
6892
6710
6712
6713
6714
6715
6716
6717
6718
6720
6721
6722
6723
3886
6724
3887
6725
6726
6727
6728
6729
6730
6731
6733
6732
6734
6735
6736
6737
6738
6739
6740
686
6742
6744
6743
6745
6746
6747
6750
6751
6752
6753
6754
6755
6757
6758
6759
6719
6760
6761
6763
6762
6764
6765
6766
6767
6768
6769
6770
6771
6772
6773
6774
6776
6777
6778
6779
6780
6781
6782
6783
701
6784
6785
6786
6787
6788
6789
6790
6791
6792
6793
6794
6795
6796
6797
6798
6799
6801
6802
6803
6804
6805
6806
6807
6808
6810
6811
6812
6814
1204
6817
6815
6818
6819
6820
6822
6823
6825
6826
6827
6893
6895
6896
6897
6898
6899
6900
1238
6901
6902
6903
6904
6906
6907
6908
6909
6910
6911
6913
6914
6915
6919
6921
6916
6917
1274
6918
6923
6924
167
6925
6926
6927
6928
181
6929
6922
6930
6931
6932
6933
6934
6935
6937
6939
3962
6940
6942
6944
6946
6947
6948
6949
6941
6950
6951
6952
6953
6954
6956
6957
6958
6960
6959
6955
6962
6963
6964
6965
6966
6961
6967
6968
6969
6970
6972
6971
6974
6975
6976
6977
6979
6980
6981
6982
6978
6983
6985
1258
6986
6984
6987
6988
6989
6990
6991
6992
6994
6995
6996
6998
4156
7000
6997
7002
7003
7004
7001
7006
7008
7010
7009
7011
7012
7007
7014
7015
7013
7016
7017
7018
7019
7020
7021
7022
7023
7025
7024
7026
7027
7028
531
7030
7031
7029
7032
7033
7034
7035
1262
7036
7038
7037
7039
7040
7041
7044
7045
7048
7046
7047
7051
7052
7050
7053
7054
7055
7056
7057
7059
7060
7061
7062
7058
7064
7065
7063
7066
7067
7068
7070
7072
7073
7074
7071
7076
7075
7077
7079
7078
7080
7081
7082
7083
7084
7086
7088
7089
7090
7091
7092
7093
7085
7096
7094
7097
