761
809
141
818
875
885
927
937
989
370
453
480
3534
1166
2590
733
2
4247
735
734
9
4259
737
738
739
740
741
742
743
744
1210
47
746
747
748
749
750
751
4345
752
753
754
1326
755
756
757
758
759
760
1211
762
1360
763
764
765
1366
767
768
769
766
770
1372
771
772
84
1376
773
776
777
4481
779
1273
97
99
4495
4497
780
781
782
783
105
784
785
786
787
788
789
790
791
4529
794
793
795
796
797
798
799
800
801
802
4554
803
136
806
807
808
810
811
813
814
815
150
816
817
819
820
822
823
1484
825
827
828
2805
830
831
173
832
833
835
834
836
837
838
839
840
841
842
843
844
845
846
847
849
850
4767
851
852
853
854
855
856
857
858
859
860
199
861
862
863
864
865
187
848
868
869
870
1598
871
872
873
874
867
232
880
879
1275
881
884
4940
1276
1645
888
887
889
883
886
892
894
893
896
2953
897
898
899
2973
900
901
902
903
2996
907
257
908
1705
5052
5053
909
910
911
1218
912
913
914
915
916
890
891
906
2999
1712
1217
917
918
919
274
923
921
922
924
925
1219
926
929
930
931
933
935
936
1769
938
942
5220
944
945
947
5236
5243
948
951
952
954
960
962
964
963
965
6853
968
970
972
973
976
978
939
940
941
946
950
1817
955
956
957
953
971
974
975
934
979
980
981
982
331
983
1220
1221
985
986
1940
987
988
340
3234
1943
1926
992
993
994
995
996
997
999
1000
1001
351
1979
1989
1003
1004
1005
1006
5593
5596
5597
5600
1222
1012
1013
1014
1015
1016
1018
1017
1020
1021
1022
1023
5666
1025
1026
1008
1009
1010
2063
1027
1028
399
1030
5724
1031
1032
1034
1033
1036
1029
1037
418
1038
1039
1043
1040
1042
1044
5822
1045
1046
1047
1048
1049
1050
1051
1053
1054
1057
1052
2151
1055
1056
5907
1060
1061
1062
1063
1064
3495
458
1065
1066
1067
467
1068
1069
1058
1059
461
1070
1071
1072
1073
482
1074
481
1075
6032
483
6057
3526
494
1076
1077
1078
1079
1082
1083
1084
1085
2249
2254
2255
1086
1088
1089
1090
2275
1091
1092
1096
1097
1099
1101
6169
1228
1102
1103
1105
1107
516
1093
1094
1106
1109
1112
3624
1113
1114
1116
1117
1118
6268
1119
1120
1121
1108
1115
1122
1123
1124
1125
1127
1128
1129
1130
1131
1132
1229
1133
1134
1135
1137
597
2396
3733
1140
1142
6443
2416
2422
1143
1138
1141
1144
1145
2432
2434
3765
1146
1147
1148
1149
1150
1151
1152
1153
1155
1156
645
1158
1157
1159
1161
1162
1163
1164
655
1165
1167
1168
1169
1231
1170
6636
1171
1172
2504
1176
1175
1174
1177
670
3865
1232
6683
1277
1178
678
1183
1182
1184
1185
1179
1187
1188
1186
1189
1190
1191
1192
692
1193
2552
693
1194
1196
1197
1195
1198
1200
1201
1202
1203
1204
1205
1206
1207
1208
1209
1239
1240
1241
1274
1242
1243
1244
1245
1247
1250
1251
1252
1257
1254
1259
1260
4162
1266
1268
1269
