9204
31
34
9205
54
61
9206
77
78
9207
84
9208
9209
9211
111
9212
123
129
131
133
134
9213
135
9214
9215
158
159
9216
165
9217
182
183
184
186
188
189
9218
9220
199
9221
9222
9223
206
210
9224
9225
234
237
9227
238
244
250
251
9229
252
253
9230
257
9231
263
9232
265
9233
9235
279
9236
9237
9240
9241
300
301
304
305
306
9244
9247
324
325
9248
333
9249
334
9250
347
9251
9252
362
364
9253
9254
9255
9256
375
376
9257
387
9258
397
399
406
9259
408
9260
416
9261
9262
422
423
426
433
434
438
9263
445
446
9264
9265
9266
449
450
9267
9269
9268
453
456
461
464
9270
9271
480
482
9272
484
9273
9274
315
9275
9276
9277
9278
509
9279
9280
513
9281
9282
519
9283
9284
9286
9285
9246
9245
552
557
9294
9295
559
9296
561
9297
9298
9300
9299
9301
9302
9303
9304
9305
9306
9308
9307
9310
587
9309
593
9311
596
9313
9312
600
9314
610
9315
9316
9317
9318
9319
9320
631
632
643
9321
9322
647
648
649
9323
9324
9325
652
653
654
9328
9330
9329
663
665
666
9331
680
683
687
690
9333
9334
691
697
9336
701
704
9337
707
710
9326
714
718
9339
723
9340
9341
734
737
742
9342
746
9344
9345
9346
9349
9351
9352
752
764
9353
9354
774
9355
779
780
9356
9357
9358
794
9359
796
9360
802
803
806
9361
807
811
814
9362
9363
9366
9365
9364
9367
828
9368
835
836
838
9369
9370
845
9371
850
851
9372
9373
9374
9375
9376
857
866
867
9377
9378
874
875
878
9380
9381
9382
886
890
9383
901
9338
9389
9390
904
907
909
910
915
919
920
925
9392
9393
9394
9398
935
938
939
945
9400
949
951
9403
9404
957
9406
9408
961
962
9409
970
9410
982
9412
9411
9413
993
9414
1001
1002
9422
9421
1003
1004
1012
1014
1017
1018
1019
9426
9415
9416
9417
1024
9418
9427
9430
9431
1027
9432
1030
1031
9428
1035
9433
9434
9435
1051
9436
1057
1058
9437
9438
1062
9439
1068
9440
9441
9442
9443
9444
9445
1083
1086
1090
9446
1091
9448
9453
1099
1102
9447
1113
9456
9457
9458
9459
9460
1126
1129
9461
9462
1133
1137
9463
9465
1142
9464
1154
9468
1162
9471
9469
9470
9474
1172
1173
1178
9475
9478
9479
9481
1192
1195
1196
9483
9484
1198
1199
9485
1203
1204
1205
1208
9487
1221
1224
1225
9488
9489
1234
9490
1247
1248
9492
9493
1253
9495
1254
9494
9496
1257
1259
1260
9497
1262
9476
9477
9385
9386
9388
9391
1264
9395
9396
9397
9401
1273
1274
9405
1277
9407
9419
9420
9423
9425
1288
9429
9449
1294
9450
9452
9451
1295
9480
9482
1300
1301
1302
9486
1304
1306
1309
1310
1320
1321
9500
1324
9502
9499
1329
9501
9503
1332
9504
9505
1334
1336
1342
1343
1347
1348
9507
9509
1352
9508
1354
9511
1358
1360
1361
1367
9512
9513
1371
9514
1376
9515
9517
1382
1385
9519
9520
9521
9522
9523
1398
9524
1400
9526
9527
1412
9528
1417
9529
9530
9531
9532
9533
1426
1427
9535
1429
9534
9538
9539
9540
1432
9541
9542
9544
9543
9545
9546
9547
9548
9549
9552
9553
1455
1459
9554
9555
1462
1464
1465
9556
1467
9557
1469
9560
9561
9562
9559
9563
1473
9564
1477
1479
9565
1482
1483
1486
1489
9566
9567
9551
9568
1496
9569
1499
1502
9572
1507
9550
9573
9575
9576
9577
9574
9578
9580
1527
1528
1530
1531
9582
9583
1543
1545
1546
9585
9581
9498
9506
9510
1558
9516
9518
9525
1564
9558
1568
1569
1570
9570
9571
1573
9579
9584
1577
1580
9588
1588
1589
9589
9590
1595
1605
9591
9592
9593
1624
9594
1628
1630
1632
9596
9597
9598
9599
1662
1676
9602
9605
9586
1690
9595
9604
9606
1692
9607
9608
9603
9610
1694
1697
1698
1700
9612
9613
9614
1708
1713
1717
1718
1719
9615
1721
1725
1726
9616
1727
9617
1736
9609
9619
9622
9624
1748
1751
9626
1757
1758
9628
1763
1768
1770
9625
9627
1771
1772
9623
9630
1775
9631
9632
1781
9633
9635
1785
9636
1791
9639
9644
9641
1802
9646
1812
1813
9651
1814
9634
9611
9620
1820
1827
9629
1828
1832
9637
9638
9640
9642
1846
9643
1849
1854
1855
9645
1857
1858
9648
1859
9647
1861
9649
1863
9650
1867
9652
9653
9655
1876
1877
9656
1881
1885
1886
1887
9657
1898
9659
9660
9661
1902
9662
9664
9665
9663
1912
9666
9667
1920
1921
9670
9672
9671
9668
1927
9669
1931
1933
9673
9674
1938
9675
9676
1943
1944
9677
1945
9678
9679
9680
1954
1955
9681
1958
1959
1961
1964
1966
9682
9683
9684
1971
9686
9687
9685
9654
9690
1986
9692
9693
1990
1991
9694
9695
9696
9697
1997
1999
9700
2000
9701
2001
9702
9703
2002
9704
2005
9699
2013
9708
9707
9709
2017
2018
9710
9711
9712
2022
2023
2024
2030
9714
9715
9713
2034
2036
2037
9716
9717
2042
2048
9718
9719
9721
9723
9725
9726
2077
2078
2080
2081
2082
2083
2096
2097
2098
9729
9730
2106
2111
2116
2118
9658
2124
9688
2130
9691
9698
9705
9706
9720
2140
9727
2151
2152
9737
9738
2155
2156
2158
9740
2164
2166
2174
2176
9743
2188
2189
2192
2194
2198
2199
2200
2201
2203
9745
9746
9744
9748
9747
2217
2218
2225
9749
9750
2232
9751
2236
9735
2242
9752
2248
2249
2250
9753
2254
2259
9754
2262
2263
2265
2267
9760
9761
9758
2274
9762
2278
9763
2287
2288
9765
9766
9767
2295
9768
2309
2312
2313
9771
2314
9773
2317
2318
9774
2323
9777
9778
9780
9781
9779
2329
9769
9741
2333
2335
9736
9755
9757
9759
9756
2345
9772
2348
9775
9784
9787
2351
9788
9789
9790
2353
2354
2360
2363
2364
2365
9795
9796
9793
9794
2373
9799
9800
2380
2381
2384
2385
9801
9802
9803
2393
2394
2395
2396
9804
9806
2399
9808
2405
2407
9809
2411
9811
2417
2421
2424
9815
2429
9817
9816
2432
9818
9819
2440
9821
2445
9826
2447
9820
2451
2452
2463
2465
9830
9831
9832
9834
2473
9837
9836
2482
9839
9840
9841
2486
2488
2494
2499
9842
2501
2516
2517
2521
9845
2525
9846
2526
2528
9856
9857
2541
9858
2543
2531
9860
2547
2548
2550
2551
2552
9861
9864
9865
9854
9866
9867
2568
9868
2571
2577
2578
9869
2579
2580
2582
2584
2586
9870
2588
2589
9871
2596
9873
9874
2601
9878
9877
2605
9872
9875
9876
2611
9879
9880
2613
9881
9852
9853
2625
9886
9887
9888
2631
9893
2639
2640
2641
2642
2644
2646
9895
2656
2659
2660
2661
9897
2670
2681
2687
2688
2693
9902
2702
9903
9904
9906
9907
2715
2717
2719
9911
2721
9914
9913
9915
2722
2724
9916
2727
9898
2730
2732
9917
2745
9918
2756
2776
2781
2782
2760
2784
2785
2788
2761
2791
2792
2793
2794
2795
9920
2797
2799
2803
2804
9923
9924
2764
9925
2809
2766
9926
9927
2811
2815
2768
2824
9929
2826
2770
2830
9783
9782
9786
9785
2834
2836
9797
9798
2840
2841
2845
9805
2849
2850
2853
2854
2857
9807
2858
2863
9812
2869
9813
9814
2876
9824
9825
2882
2883
9827
9822
2886
2893
9828
9829
9835
9838
2909
9843
2911
9847
9859
2918
9862
2920
2925
9863
2930
9855
2939
9882
9883
9884
9885
9890
9891
2959
2961
9892
9894
2972
2973
2976
9896
2983
2988
2990
9899
9900
9889
2993
9905
9908
9909
9912
3003
3005
3009
9921
9922
9928
9919
9931
3026
9932
9933
3033
9934
3043
9930
9935
3046
3048
3049
9936
9937
9938
9939
3076
9940
9941
3085
3086
9949
3099
3105
9955
9956
9959
9962
3119
3121
9950
9951
9958
9960
9961
9963
9964
3139
3143
3147
3149
3150
3152
3155
3156
3158
3162
9965
3166
9967
3172
3173
3174
3175
9966
3176
3179
9968
3183
3187
9969
9970
9971
9972
3189
3191
9973
3198
3199
9974
3203
9976
9977
3205
3209
9978
9979
9981
9982
9983
3226
3228
3229
9987
3237
9990
3239
3240
3241
3243
9989
3245
3249
9986
9992
9995
3259
9999
3263
3264
3266
10000
10001
3276
10003
10004
10005
10006
10007
10008
3286
10009
3291
10010
3295
10011
9996
9975
9985
9991
3306
3309
3314
3319
3320
3322
3323
10012
9998
9997
3327
3330
3333
10016
3335
10017
3339
3342
3343
3346
3347
10018
3351
10021
10022
3358
3359
3360
3361
3364
10014
10013
3368
10024
3372
10025
3376
3377
3378
10026
10027
10028
3388
10029
3396
3397
10031
10032
3405
3409
3411
3414
3415
3416
3418
10033
3421
10034
10036
3432
10037
3436
3437
10015
10019
10020
3446
10040
3451
3454
10041
3455
3456
10042
10043
3461
3463
3464
3465
3471
3475
3476
3480
3484
10045
3491
3493
10047
10049
3498
3499
3500
3505
3506
10039
10058
3508
3513
10060
3521
3522
3529
10062
10063
10064
10065
3556
10066
10067
3565
10070
3568
10073
3573
10074
3577
10077
10076
10078
3582
10079
10081
3598
10082
3600
10083
3607
3616
10084
3618
10086
3623
3624
10090
10091
3629
10092
3630
3633
3640
3641
3642
3645
3648
10095
10089
3653
10044
3664
3666
10050
10051
3670
3672
10059
3675
3677
3678
10061
10068
10069
10071
10072
10075
3687
10085
3698
10093
10094
3709
10097
3711
3713
10100
10101
10102
3728
3729
3735
10103
3739
3742
3743
10104
3750
10106
3752
10107
10108
10109
10110
10111
10112
10114
3759
3761
10115
3768
3770
3771
3772
3775
10116
3778
3780
10117
10120
3781
10121
10122
3787
3790
10123
3798
3801
10124
10125
3805
3808
3810
10118
10119
3815
10126
3817
10127
3819
3821
3823
10128
10129
10130
3828
3830
3832
10131
3836
3837
3838
3841
3845
3852
3853
3854
10132
10133
10134
3871
10135
3873
3876
3878
10136
3890
10137
10138
10139
10141
3898
10140
3906
3907
10142
3915
10143
3927
10145
3929
10144
10146
10147
10148
3943
3948
3949
3950
3955
10149
10150
10151
3962
3967
3979
3992
3997
3998
4000
4001
4002
4006
10152
10153
4034
4037
4038
4044
4050
4054
4057
4061
10154
4068
4074
4081
10157
10160
4087
10159
4092
4093
4095
10161
4113
4118
4122
10165
4123
10166
10167
4131
10169
10170
4143
4153
4154
10172
4159
4165
4168
10174
10176
4186
4187
4204
4206
4190
4191
4213
4194
4218
4219
4220
10178
4232
4235
4236
4238
10179
10180
4252
4258
10177
10158
4273
10171
4293
4299
4306
4310
4322
10182
10184
4338
4343
4344
4350
4352
4356
4368
4380
4381
4383
4385
4386
4392
4393
4394
4399
4402
10190
4415
4425
4426
10183
4432
4436
10192
4444
4447
10193
4456
4458
4461
4472
10194
4477
4481
4482
4489
4490
4505
10196
4516
4517
10197
4528
4532
10198
4537
4539
10181
4546
10199
4551
4555
4558
4562
4567
4571
10200
4573
4575
10202
4593
10201
4601
10209
4603
10210
10211
4611
10212
4617
10213
4619
4622
4623
4626
4628
4629
10214
10215
10216
10218
4642
4647
4652
4655
4657
4659
10185
4663
4664
4669
4678
4679
4680
10186
10187
4692
10188
4694
4695
10189
4699
4711
4700
4705
4725
4726
4729
4731
4734
10195
4755
4766
4772
4773
4774
4792
4793
4805
4813
4814
10219
4817
4821
10221
4824
4829
10222
10224
4848
10223
4864
4876
4877
4880
4882
4885
4886
10225
4887
10226
4902
4905
4910
4913
4918
10227
4923
4927
4932
10229
10230
10231
4944
4946
10232
10233
10234
4948
10235
4958
4965
10236
4972
10237
10238
10240
4989
4996
10241
5003
5012
10243
5024
10244
5029
5030
10245
10246
5046
10247
5060
5071
5072
5076
10248
10251
10252
5094
10253
5112
5114
5117
5128
5129
10242
10254
5147
5152
10255
5156
5167
5168
10258
10259
10260
10261
5198
10262
5208
10263
10264
5220
5226
10265
10266
5241
5242
10267
5250
5256
5263
5264
5267
10256
5277
5278
5281
10269
5296
5298
5299
10270
5318
5320
5323
10271
5328
5342
10272
5365
10273
5383
5394
5395
5398
5399
5400
5402
5404
5408
5409
10275
10276
5417
5421
5422
10277
5425
5427
5428
5430
5433
5438
5441
10279
5449
5452
5464
5469
10280
5476
5492
5495
5498
5499
5500
5517
5521
5525
5526
10284
5535
5540
5542
5546
5556
10287
5580
5592
10289
5596
5601
5603
5608
5610
5628
5629
10295
5634
5657
10296
5663
5664
5681
5684
10297
10298
5696
10300
5710
5719
5724
5729
5730
5732
5733
5736
10306
5744
5745
5746
5756
5762
5764
5765
5771
5772
10301
10302
10303
5778
5783
5785
10278
5786
10281
5789
10282
10283
5794
5802
10293
10299
10307
10308
5819
5824
10311
5829
5833
5838
5846
5847
10312
10313
5856
5864
5880
5890
5893
5895
5898
5903
5907
10315
5916
5922
5923
10316
10317
5939
5943
5950
5958
5962
5964
5968
10318
10319
5976
5992
6004
6005
6008
6009
6010
6011
6021
6024
10320
6039
6051
6053
10322
10321
6095
6108
6116
6118
10325
6125
6132
6134
6139
6149
6151
6152
6155
6158
6162
10309
10310
6178
6182
6189
6198
10323
10324
6208
6213
6218
6221
6226
6246
10332
6233
6237
6238
10331
6260
6267
6277
6283
6286
6291
6300
10338
6321
6329
6334
6339
10339
6344
10340
6348
6353
6355
6368
6371
6372
6377
6414
6417
6421
6422
6425
6428
6441
6449
6454
6457
6458
6461
6464
6470
6474
6483
6496
6500
6504
10343
6516
6517
6522
10346
6546
6553
6556
6557
6561
6575
6562
6567
10337
6583
6597
6601
6613
6615
10342
6623
6630
6634
6643
10344
6646
10348
10349
6657
6658
6661
6662
6666
6669
10350
6680
6682
6693
6698
6701
6703
10352
6705
6723
6732
6736
10356
6767
6769
6771
6772
6774
6776
6781
6783
6801
6811
6812
6823
6839
6842
6845
6847
6859
6862
6884
10360
6891
10362
6901
6904
10363
6911
6912
10364
6913
6914
6915
6920
10365
6940
6942
6943
6947
6956
10368
6963
6870
6971
6972
6974
6977
6978
6985
10372
6991
6992
6994
10374
10376
7002
7004
7005
7008
7009
7015
7016
7027
7030
10377
6874
10381
10380
7043
7064
7072
7080
10383
7082
7088
10384
7090
10385
7094
7102
7105
7106
7108
7109
7113
10357
7125
10361
7129
7143
10366
7149
7150
10367
7153
7159
7163
7165
10373
7174
7175
7183
7184
10379
7190
7191
7192
7215
10390
7221
7222
7223
7228
10391
7230
7233
7246
7249
10392
7267
10394
7269
10393
7274
7277
10395
7281
7282
7283
7290
7291
7300
7308
10397
10398
7319
10399
7325
10402
10400
10403
10404
7354
10405
10406
7372
7375
10407
7397
10408
7409
10409
10410
7415
7434
10411
7438
10412
10413
10414
7452
7455
10415
7471
7473
10416
7485
7491
7496
7498
7513
7514
10420
10418
7547
10422
7558
7560
7566
10423
7572
7573
7576
7578
10424
7582
7590
7594
7599
7602
7614
7617
7618
7619
7624
7625
7627
10425
10426
10427
7638
7661
7686
7688
7694
7696
7697
7706
7726
7737
7738
7741
7756
7765
10430
7774
7775
7776
7788
10431
7791
7794
7795
7798
7808
7809
7812
10432
7818
7819
7824
7832
7842
7843
7853
7858
7861
7865
7866
10433
7879
7884
10435
7887
7895
7896
7904
7905
7916
7917
10438
7929
7932
10440
7938
10441
10443
7959
7963
10444
7967
10445
7968
7976
7984
7989
8004
8005
8008
8010
10447
8011
8020
10448
8031
8036
8040
10449
8046
10451
8068
8070
8071
8072
8074
8079
8089
8093
8094
8098
8100
10452
8101
10442
10454
10455
8138
10457
10456
10458
8196
8157
8158
8204
8209
8162
10459
8233
8166
8176
8265
8268
10460
8181
8281
10453
10462
8296
8297
8298
8299
8303
10464
8316
8327
8333
8334
8335
8337
8344
10465
8354
8355
8357
8364
8367
8369
10463
10466
8380
10467
8397
8410
8417
8421
8430
8437
8438
8439
8448
8451
8454
8466
8472
8474
8492
8495
8497
8500
8515
8517
10470
8521
8533
8537
8539
8540
8541
8545
8546
8548
8549
10471
8552
8558
8560
8561
8568
8575
8577
8580
8590
8595
8605
10472
8611
10473
8622
8623
8627
10474
8631
10475
8650
8664
10476
8671
8673
8674
10477
10480
8713
8714
8726
8744
8756
8757
8761
8763
8775
10484
8778
8782
8793
10485
8816
8826
8827
8829
8833
8838
8840
8841
8844
8846
8853
8856
8862
8867
8873
8882
8883
8889
8908
8909
8914
8935
8948
8950
8980
8985
8997
9000
9001
9007
9009
10496
9031
9037
9041
10499
9052
9067
9073
9088
9108
9111
10502
10501
9137
9142
9154
9155
10504
9167
10505
9171
9174
9187
9198
9210
9219
9226
9228
9234
9238
9239
9242
9243
9287
9288
9289
9290
9291
9292
9293
9327
9332
9335
9379
9384
9343
9347
9348
9350
9424
9454
9455
9466
9467
9472
9491
9387
9399
9402
9473
9536
9537
9587
9601
9600
9618
9621
9722
9724
9728
9731
9732
9733
9734
9689
9739
9742
9764
9770
9776
9810
9823
9833
9910
9901
9791
9844
9848
9849
9850
9851
9792
9942
9943
9944
9945
9946
9948
9947
9952
9953
9954
9957
9984
9988
9994
10002
9980
9993
10030
10035
10023
10046
10048
10052
10053
10054
10055
10056
10087
10088
10057
10080
10096
10038
10099
10105
10113
10098
10155
10175
10162
10164
10163
10168
10173
10156
10207
10208
10191
10203
10204
10205
10206
10217
10220
10228
10239
10249
10250
10257
10268
10304
10286
10290
10291
10292
10274
10285
10288
10294
10305
10326
10314
10327
10328
10329
10330
10335
10336
10347
10341
10345
10333
10334
10354
10355
10353
10351
10369
10371
10358
10382
10359
10375
10378
10386
10370
10388
10389
10396
10401
10387
10417
10419
10421
10428
10429
10436
10437
10439
10434
10450
10446
10461
10469
10468
10478
10479
10481
10482
10483
10486
10487
10489
10490
10491
10492
10493
10494
10495
10488
10500
10497
10498
10503
