12330
12175
12415
12152
1
49
59
12148
75
83
85
95
105
117
119
12149
125
130
139
148
161
163
168
172
173
181
12150
190
191
192
213
216
220
221
222
227
230
236
242
246
247
260
282
284
286
288
12153
12154
328
330
332
12155
365
367
372
386
402
409
414
12156
11722
12157
440
442
460
466
12158
12159
12160
477
490
503
505
12161
511
12162
518
522
524
525
12163
529
533
547
569
571
576
12164
12165
611
614
633
638
12166
12167
657
662
12168
673
706
709
711
12170
715
740
744
745
748
12171
12172
12173
760
12174
772
12176
12177
793
12178
799
801
805
818
12179
12180
824
12181
825
829
830
832
12182
842
12183
12184
12185
12187
12186
848
12188
12189
853
12190
861
863
12191
872
881
891
892
12192
900
12193
12194
924
940
959
966
968
973
980
983
997
12196
12198
12199
12197
1042
1060
1069
1070
1072
12201
12200
1109
12204
1127
12205
1131
1146
12207
1156
1159
1166
1167
1174
1182
1218
12195
1268
1283
1293
12202
12208
12211
12212
1312
1315
1340
1384
1386
12214
1392
1394
1404
12215
12218
1476
1490
1501
1508
12219
1519
1520
12222
1548
12216
12217
1575
1607
1615
1618
1627
12224
1634
1636
12225
1651
12226
1658
1669
1671
1675
1678
12223
12229
12230
1742
1752
12231
12232
1838
1841
12233
1880
12235
12236
1962
1979
12239
12240
2007
2021
12242
2025
12243
2039
2043
2049
2057
2066
2084
12248
2099
2104
12249
12250
12251
2110
2131
2133
12241
2137
12246
12247
12234
12252
12253
2191
2207
2214
2228
2231
2256
12254
2273
2289
12255
12256
12258
12259
12257
2343
2359
12262
2398
2409
2434
12263
2456
12264
12265
2472
2496
12268
2508
2518
12273
2574
12274
2697
2747
2749
2753
2816
12260
12261
2835
2859
2894
12266
12267
2902
12269
11725
12272
2934
2975
2986
12275
12276
3047
3058
12278
3064
12279
3069
3082
12285
3109
3114
3120
12280
3192
12287
12289
12290
3252
3262
3271
3278
12293
12292
3321
12296
12295
12294
3380
3395
12297
3403
3407
3408
3419
12298
3422
12299
12301
3487
3496
12304
3511
12305
3520
12308
3569
3574
3578
3588
3590
12309
3596
12310
3597
3599
12312
12300
3654
3660
12302
12303
12307
3682
12311
3695
3706
3715
3716
3719
12313
12314
3726
3734
3738
12315
3754
12316
3803
12317
3846
3872
3882
3892
3893
3896
3903
3908
3938
12318
3983
3993
4090
4209
4260
4265
12322
4276
12324
10563
4289
4290
4298
4302
4326
4429
4430
12331
12332
4452
4483
4496
12333
4512
4543
4560
4569
4577
4590
12337
4633
4634
4638
4653
12327
4675
4686
4707
4697
4710
4748
12334
12335
4767
4770
12336
4784
4800
4825
4843
4847
12339
4866
4870
4898
12340
4912
12341
12342
12343
12344
4931
4952
4959
4960
10996
12345
5021
5035
5044
12346
12347
5079
5105
12349
5132
5145
5160
5182
5235
5266
5348
5353
5355
5371
12354
5403
12353
5426
5456
12355
5504
5516
5518
5520
5522
12356
12357
5524
5547
5550
12360
5594
5620
5622
5640
5641
5653
5673
5674
5715
5716
5723
5726
12361
5766
5779
5811
12365
12362
11194
5842
12366
5872
5875
5876
12367
5927
12368
5978
6000
6002
6037
6049
6102
12369
6123
6131
6196
6197
6249
6325
6328
6407
6409
6432
6440
6493
6523
6540
6548
12374
12373
6660
6750
6763
12378
12380
6858
12381
10635
6997
7014
12387
12388
7103
7122
7139
12389
12390
12391
12392
12393
12394
12395
12396
7229
7239
7294
7306
7311
7322
12397
7348
7358
7405
7442
12399
12400
7488
7510
7543
7549
7550
7577
7579
7584
7611
12401
7616
7652
7683
7698
7704
7736
7780
7801
7825
7881
12402
12405
12404
12406
8012
8039
8042
8070
8109
12407
12408
8117
8156
8195
8201
8207
8208
8225
8261
8183
8307
12409
12410
12411
8356
8389
12412
8459
8518
8556
12413
8572
8606
12414
8625
8638
8652
8665
8678
8680
8683
8776
12418
8845
8863
12419
12420
8964
12423
9014
12424
9079
9089
9133
9139
9140
9141
9144
9183
12151
12169
12203
12206
12210
12209
12220
12221
12213
12227
12228
12244
12245
12237
12238
12270
12271
12277
12281
12282
12283
12286
12284
12288
12291
12306
12323
12326
12320
12319
12321
12325
12329
12328
12338
12348
12350
12351
12364
12358
12359
12363
12352
12370
12372
12371
12376
12377
12379
12375
12386
12385
12382
12383
12384
12398
12403
12416
12417
12421
12422
12425
11344
