11476
10506
7
24
27
28
36
39
42
46
11405
62
11440
11042
11366
91
92
93
94
11043
102
106
107
10991
11874
114
115
121
122
136
145
150
154
155
160
166
11048
169
170
174
175
10944
180
10507
185
194
195
11434
10874
10943
203
205
213
11372
218
225
229
231
233
11438
11179
242
243
11270
245
10756
248
11346
10508
259
261
262
264
266
267
11027
268
11319
272
11175
11058
281
285
288
10509
287
290
10994
293
294
295
296
297
298
308
10510
10511
314
11849
11727
11329
11328
326
10512
342
11315
344
345
355
11184
360
363
11869
11285
10928
11185
10641
377
381
384
11317
10748
390
395
398
400
403
10659
407
418
11198
421
425
428
429
430
11722
432
435
10588
10583
443
444
448
451
10587
10586
457
458
459
10584
465
467
468
469
472
10663
10664
10513
10665
11230
479
11229
485
11271
10905
491
492
495
496
497
10627
10626
504
508
512
514
515
516
10749
11158
10689
11224
530
531
532
535
536
537
540
541
542
11072
545
11472
550
551
10787
556
558
10760
560
10761
563
565
567
570
11307
572
577
580
11006
11007
582
585
586
590
591
10707
11334
11462
602
604
607
11182
612
616
618
619
621
11322
622
11321
623
10987
624
625
11280
10832
629
10833
641
10834
642
644
11399
10514
655
10515
656
658
659
660
664
11299
667
11298
10516
670
671
672
677
11261
684
10951
11746
10880
10935
692
10806
694
10706
696
699
702
703
11404
705
11159
709
10517
712
713
11389
11032
11187
722
11173
11171
10975
11172
726
727
11078
728
731
732
735
11170
738
739
10518
10839
741
10519
10850
753
10842
11865
10529
10960
10963
755
757
10520
10964
10523
758
759
10530
11118
761
10854
10906
11390
771
10954
778
782
10955
783
789
792
10526
798
800
10897
10972
10952
804
10985
808
10986
809
810
10522
812
815
10527
10525
11191
11303
831
834
837
11467
843
844
10896
10528
11288
852
855
10958
10957
10961
10962
10967
10968
10966
10979
856
10980
10978
10977
859
11411
10981
869
10524
10956
11327
871
11121
10521
876
882
11080
887
888
10988
11134
896
11135
897
10953
899
10856
902
11443
11724
11735
11774
11782
11790
11797
10648
903
10649
906
11262
913
914
10647
921
922
923
927
11126
10797
929
930
931
932
934
936
944
10976
946
947
953
955
956
960
10646
10796
965
967
10920
10757
10639
977
10881
11463
981
10668
10669
11278
10670
986
991
11053
11051
10819
11433
996
11860
998
1000
1005
1006
10771
1007
1008
1009
1011
1015
1016
1020
1021
1022
11871
1025
1026
11013
10769
1029
1033
10946
10601
11149
1037
1038
11247
1039
1040
1041
11460
11150
1046
11362
1048
11363
1049
1050
11243
1052
11361
11065
1053
11474
1054
1061
1063
1067
11350
10735
10734
1071
11773
11029
11161
1080
10826
1081
11163
1082
11162
1085
10818
1088
1089
1092
10740
1094
1096
10741
1100
1101
1103
1104
1105
11124
1108
11349
1110
1116
10643
1118
1120
10642
10733
1123
1121
1122
1124
11400
1128
1130
1132
11076
1139
11252
1140
10728
1143
11471
1144
1145
1151
11475
1152
1153
11087
11151
1157
11235
1163
1164
11086
1168
1170
10767
1175
10768
10616
1177
11155
1179
1180
1183
11731
11757
11764
11833
1185
1186
11282
1189
1190
11014
1193
1194
1197
1200
1201
1202
1207
1209
1210
1211
10989
1212
1213
10992
1217
1219
1220
1222
1226
1227
1228
1229
10883
1231
1232
1233
10617
1236
1237
1238
1240
1243
1244
1245
1250
1256
1258
1261
11146
10739
1263
11461
10766
11311
11348
11748
11864
1266
1269
1275
11075
1278
11192
1280
1281
1282
1284
10870
1286
1287
10867
11453
11836
11715
10868
1289
1290
10869
1291
1292
1297
1298
1303
11743
11777
11781
11106
1316
1317
10790
11079
1325
1326
1328
1335
1337
1339
10789
1344
1345
1349
1351
1353
1356
11368
1359
1362
1363
1364
10853
1369
1375
1378
1380
1381
10921
1388
1389
1390
10531
10786
1395
11105
11103
1401
1403
1405
1406
1410
1413
1415
1416
11117
10852
1421
10878
10879
1430
10645
1433
1434
1435
11115
1437
1442
1444
10982
1450
1451
1452
11040
11176
11253
11771
11019
1456
1458
1460
1461
1463
11853
1470
1471
1472
1478
1480
1481
1484
1487
1488
10941
1492
1495
10904
1497
10915
1504
1505
1506
1509
11107
1514
1511
11716
11730
1521
10919
1522
11104
1525
1526
11417
1532
1533
11416
1536
1537
1538
1540
1547
11415
11414
1550
1551
1554
1555
11357
1559
11786
1560
1561
1565
11779
11818
1566
1567
1571
11145
1574
11424
10747
1585
11236
11885
1587
1592
1593
1596
1597
1598
1601
1602
11081
1606
11308
1608
1609
1610
1611
1612
1613
1614
1619
10596
1620
1621
11736
1625
10763
10532
10533
1631
10765
11352
1638
1640
10746
1641
1644
1645
1646
11257
11116
1649
1654
1655
1657
11049
1659
1664
1666
1667
1668
11297
1670
10775
11050
1677
1679
10780
1680
1683
1685
11335
10764
10678
1687
1689
10534
11380
11379
11406
11753
11762
1693
1695
1701
1702
11313
1704
1705
1706
1707
1710
1712
10719
1716
1720
1723
11101
11259
11241
11356
1729
1730
1731
10945
11332
11100
1741
1743
1745
10774
1747
1749
1750
1755
1759
1761
1764
1765
1767
1769
1774
1777
1779
1780
1782
1784
11780
11325
1788
11355
1792
1795
1797
1801
1803
1805
11207
1806
1807
1808
1810
1811
1815
10724
1817
1818
10837
1819
11147
1821
10600
10597
1823
1824
1825
11056
11055
1830
1836
1840
1843
1844
10758
1845
1847
1848
1850
1851
1852
1856
1860
11174
1862
1865
1866
11882
10595
11868
11793
1868
1869
1870
1872
11778
11792
11840
10912
1878
1883
1888
1890
1892
11469
1894
1896
1897
1904
10685
1905
10914
1906
1907
1909
1911
1915
1918
10535
10950
11067
1919
1925
1926
1930
1932
1934
1936
1937
10686
1939
1940
1941
9676
1946
10621
11066
1949
1951
1952
11470
1957
10913
1963
1965
11423
1967
1969
10694
11444
11250
1973
10738
1974
1978
1980
1981
1982
1984
1985
11745
10804
1987
1989
11473
10687
1993
1994
10805
1995
1996
1998
10973
10708
11290
11286
11010
2011
2014
2015
11369
11370
2020
2026
2028
2029
11468
10536
2033
10892
2035
11330
2041
11331
2044
2045
2047
11248
10862
2056
11439
2064
11824
10898
2069
2070
2075
10894
2079
11093
2085
2086
2087
2088
10628
2101
2102
2103
11168
2107
10537
2108
2109
2112
2114
11850
11255
11738
2117
2120
11358
2121
10942
2125
2127
2128
10971
2129
11345
10969
11074
10620
10959
11717
11785
10965
2142
2144
10970
10949
2149
11344
11854
11876
11808
2160
2163
2167
11226
2177
2180
2182
2183
2185
2186
2190
11320
10926
2197
2202
11392
2204
2208
11409
2209
2210
10585
10684
2215
11875
2216
2219
2222
10666
2227
2229
2230
2233
2234
2235
2237
2238
2241
2244
10726
10918
10917
10727
2252
11125
10725
2260
2266
10667
10538
2268
2270
2271
11062
10539
2277
2281
11427
2282
2283
11077
2284
2285
2286
2291
2293
2294
2300
2301
2302
2304
2305
11466
2307
11755
11796
2310
2311
2316
11245
2319
2320
2322
11186
10908
2331
10808
2334
2338
2339
2340
2341
10540
11437
10934
11737
11811
10629
11041
2352
10541
2357
2361
10794
2362
10630
11157
2374
2376
2377
2379
2382
2383
2387
2390
2391
2392
10793
2402
2403
11339
2406
2412
2416
11292
2419
2420
2422
11095
2425
10598
2426
2428
10599
2435
11084
11139
10822
2449
11752
11867
2450
2453
2454
2455
2460
2461
2462
11227
2464
2466
2469
2475
11018
11017
2476
10907
2477
2479
2481
2483
2485
2487
2490
2491
10632
10863
10633
10634
11272
10542
11102
11268
11269
2504
10543
2505
2506
2509
2510
11807
11814
11822
11222
2513
11375
11376
2520
11223
2523
10788
11378
10544
2524
11377
2527
11768
11830
11751
11835
2536
2529
2537
2540
11435
2532
2549
11281
2554
10672
2533
10821
2534
11256
2562
10903
10776
2565
2566
10910
2570
2572
2573
2575
10612
2581
2585
2587
2590
2591
2594
2597
2602
2604
2606
2610
2615
2618
2619
2622
2624
11766
11855
11846
11734
11741
11804
2629
2632
10855
10893
10631
11127
11365
2637
2638
2643
10782
10899
2647
11197
2648
11180
2652
10895
2663
2664
2665
2667
2668
2669
2671
2672
2673
2674
2675
2676
2677
10891
11128
2678
2679
2682
2683
2684
2686
10890
11883
11240
11364
2690
11817
11458
2694
11457
2698
2699
2700
2701
2703
2704
11459
11284
2707
10720
2713
2718
11052
11054
10721
2725
2726
2728
2729
2731
11200
11214
11215
2740
2741
2743
2744
2746
2750
2752
2755
11028
2757
2777
2778
2779
2780
2783
2786
2787
2790
10671
2798
2800
2801
2802
2805
11374
10884
2806
2807
2763
2810
2814
2769
2820
2821
2822
2823
11071
2825
2827
2770
2829
11872
2830
2831
2832
11754
10886
2833
11205
11776
11047
2838
11203
2842
2847
2851
2852
2855
11293
2861
2862
2864
10618
2868
2870
2872
2875
10876
2877
2878
2879
2880
2881
10877
2884
11775
2885
2887
2888
2889
2891
2892
10875
2896
2897
10815
2903
2906
2907
10817
2910
11312
10545
11725
11831
10652
2916
2921
11412
2922
11260
2923
2924
2927
2928
2929
2931
2932
11845
11425
2935
2940
11388
2945
2947
10762
2950
10911
11445
11251
2952
2954
2955
2956
11446
11750
11866
11747
11795
11799
2962
10594
10592
2964
11305
2965
2967
2968
2970
2971
10593
2978
2979
2980
2982
2984
2985
2987
10591
10859
10737
10736
10858
2997
10857
11857
3008
3010
3013
3014
10625
3016
10623
10622
3019
11112
3028
3029
3031
3032
11114
3034
3036
11111
11113
11108
11109
3039
3040
3041
11110
3045
11022
11061
3050
3054
10861
10860
3056
3057
3059
11063
3063
10901
3067
10900
3071
3074
3079
3081
11129
11421
3088
10546
3089
11254
11069
3093
3094
3095
3101
10651
11132
11133
10831
3111
3112
3113
3115
11016
3122
3123
3124
3126
10799
10547
10803
10801
11448
3131
10802
11791
10548
10549
3132
11143
10800
11763
3140
3141
3144
3146
3151
3153
3154
3159
3164
3165
3167
3169
3170
3177
11023
3180
11249
3182
3184
3185
10997
3190
3193
11183
3194
3195
3196
3197
3200
3201
3202
10984
11091
3204
11092
3208
3210
11323
10865
10983
3212
11090
11181
3213
11834
3216
11367
3217
3219
3220
3224
3230
11234
3233
3234
3238
10550
3244
3246
3248
11347
11148
3253
3254
3255
3257
11765
11815
3261
3265
3269
3273
3275
11001
10889
10682
10683
3280
3282
3283
3284
3285
11002
11123
3297
3298
3300
11233
3301
3302
11232
11264
11265
11044
3307
11852
11732
11856
10690
3310
3311
10729
10693
10692
3313
3317
10691
3324
10784
11787
11816
10552
3326
3328
10673
3340
3341
3344
3345
10551
11465
3352
3353
3356
3357
3362
3363
11391
3366
3367
11887
11821
3374
11136
3375
11137
11396
3381
3382
3384
3385
3386
3389
3390
10553
3393
10554
3398
3400
3402
10679
10695
10696
10699
10698
10697
3406
11306
3413
3420
3422
10851
10700
10702
10701
10703
10704
3425
3426
3427
11246
3429
3430
3431
3434
3435
11015
11436
10830
11397
10829
11302
10681
3440
3442
3444
10866
11188
3449
3452
3453
3458
3460
3462
3466
3467
3468
3469
10840
3473
3474
3477
3478
3481
3482
3486
10848
3488
10846
3492
3495
3497
10849
3501
3502
3503
3504
10887
11189
11263
3509
3514
3515
10619
3517
11144
3524
10871
3525
3530
3535
3537
3538
3540
3541
10998
3546
3547
3551
10650
3557
11204
11239
3560
3561
3562
3566
10781
10555
3567
3569
11258
3580
10077
3584
3585
3587
11449
11450
3591
10933
3593
3594
3595
3601
10824
3605
10677
3608
3610
11338
3611
3612
3613
3619
3620
11371
11884
3628
11217
11153
3632
3634
3636
3637
3638
10755
3639
3644
10753
10754
11218
3651
11886
10844
3656
10847
10845
3661
3665
3667
3668
10843
10640
11452
3673
10770
10841
11451
11073
10556
3676
10557
11289
3683
10558
3686
3688
3689
11718
10559
11744
3697
3701
11026
3705
3707
3708
11097
3714
3717
3718
3720
3721
10810
11385
3722
11386
11387
10732
3725
11403
11402
3727
10750
10811
3730
3731
10816
3733
11216
3736
11160
3740
3741
11273
10814
3744
10813
3746
10812
11301
11805
11806
11213
10560
11300
3756
3757
10607
10606
3764
3765
11046
3766
3769
10605
10609
3774
10608
3776
3777
10604
11120
11728
11758
11760
11832
11843
3783
3784
3785
3788
3789
3792
3793
3794
3795
3796
3797
11430
3800
3802
11429
11428
11351
11723
3811
3812
3813
3814
3816
11206
3818
11360
3820
11020
11021
3826
10828
3831
10809
3840
10931
3851
10888
11398
3856
3857
3858
3859
3860
3861
11393
3864
3865
3866
3867
3868
3870
11012
3881
11195
11726
10637
10638
11237
3884
3889
11082
3897
10636
11238
11083
11119
3913
3912
3921
3924
3926
10745
11266
10743
10742
11274
3941
3942
11275
3944
3945
3946
3952
3954
3956
3957
3965
11340
3970
3976
3980
3984
3988
3990
3995
3999
4004
11419
11420
4010
4011
4018
11828
11823
4023
11851
4025
4026
4030
4031
10873
10872
4035
4042
10676
4046
4052
4065
4066
10675
4083
11802
4094
4100
4106
4109
4112
11005
4121
4126
11422
4134
4137
4138
11003
4141
4142
4144
4145
11004
4169
4175
4180
11761
4202
4212
4214
4229
4233
11154
11381
4245
4246
10709
4261
10711
4264
10714
4268
4270
10713
10712
10710
4277
4280
10561
4281
10562
10563
4287
10715
4296
4297
4301
4304
4307
4308
4309
4311
4312
4313
4317
4323
4324
10783
4329
11756
11809
11838
4330
4331
4345
4348
4358
4364
4372
4374
4377
4382
4388
4389
4401
4404
4407
4408
11242
4416
11152
4420
10688
4428
10827
4433
11825
11394
11395
4439
11140
4445
4452
4454
4462
4464
11166
4471
11165
4478
4479
4480
11142
11141
4491
11767
10999
11000
4495
4502
10924
4509
4510
4511
4513
4518
4521
4523
4526
11196
4540
4544
4548
4554
4561
4564
11455
11454
11088
4586
4591
4592
4596
4598
11310
4602
4606
4612
10759
10820
4639
4650
11861
11827
10654
4654
10772
4660
4673
10564
4677
4681
4684
4693
10565
4701
4702
4704
4715
4706
11287
11426
4720
4727
4728
4738
4742
4744
4745
4746
10660
10566
4769
11784
10807
4781
4791
10567
10613
4803
11729
4806
10705
4823
11803
4831
10902
10644
4836
4837
4838
10610
4840
4844
11844
4849
4853
4854
11212
4857
4858
4872
4873
4891
4895
10662
11354
4900
4904
4907
4909
4914
4917
10589
10655
4919
10653
10661
10658
4929
4930
4934
4938
4939
4941
4945
4949
4956
10996
4969
4977
4982
4991
4993
4994
10656
4995
10657
10752
4998
5004
5005
5008
10744
5015
5016
5023
10995
5033
5034
5039
5042
5050
5057
5058
11035
11037
11039
11038
5064
10568
5068
5069
11036
5075
5087
5089
5096
5098
5101
5103
5108
5111
5135
5143
5150
5155
5158
10569
5172
5173
5190
5192
5193
5205
5206
5207
5221
10885
11167
5233
5239
10925
5252
11759
5254
10923
5265
5268
5269
5272
5275
11382
5280
5282
5289
11383
5290
5292
5295
5301
5305
5306
5307
11096
5313
5314
5316
5317
11059
5319
5322
5330
5338
5341
5345
10614
10615
5370
5372
5374
5377
5379
5381
5382
10570
5386
5397
5401
5416
5424
5429
5431
5434
5440
5448
11333
5455
5457
5460
5461
11788
5471
5481
5487
5488
5491
5497
5507
5508
5510
5511
5512
5515
5519
10864
5529
5533
5536
5543
5545
5549
5553
5554
5555
5557
5565
5569
5570
5571
5572
5575
5576
5581
5583
5587
11199
5588
11801
5600
5604
5611
5618
11342
11343
11341
5623
5627
5630
5636
5638
5650
5651
11098
5658
5660
5661
11094
10909
5677
5687
11009
11008
5700
5701
11418
5703
5708
5714
5727
5728
5735
5738
5741
5742
10722
5747
5750
5754
10751
5761
5763
5776
11858
11068
10835
10836
10674
11464
5787
5788
5792
11277
5799
10571
5803
5805
5812
5817
11798
11194
10825
11820
5822
11099
5830
5839
5840
5848
5849
10936
5860
5863
5869
10939
5878
5887
11456
5899
5901
5911
5913
5921
10937
5930
5933
10938
5934
10940
5937
5938
5941
5945
10974
5953
5955
5970
5972
5973
5974
5981
10624
10582
5989
10581
5996
5998
10580
6000
6001
6013
11034
6018
11033
6020
6022
6026
6027
6028
6032
6038
6046
11201
6054
6059
6065
6068
6071
6072
6073
6086
6088
6091
6094
11318
6096
11045
6135
6136
10930
6137
10929
6141
6166
11841
6183
6194
11800
6201
11228
6206
6216
11178
6219
11177
10572
10573
6222
11847
6224
11839
6232
6235
6251
6252
6256
6265
6269
10602
6282
6285
6294
6299
6303
6307
6312
6314
11291
6318
6323
6324
6327
6337
6338
6343
6345
6347
6349
6352
10916
6357
6374
6378
6381
6382
6386
6390
6392
6400
6402
6405
6406
6410
6411
6413
6420
10603
6439
10574
6451
6462
6463
6469
6471
11373
6487
6488
6506
6512
6521
6530
6532
6537
11859
6539
6543
6547
6570
6572
6552
6558
11829
6586
6589
11408
6595
6598
6602
6608
6612
6614
11794
6619
6621
6624
6626
6627
6631
6632
6641
11770
6647
6654
6655
10718
6664
11024
6671
6672
6674
6675
6676
6679
6681
10717
6683
10716
11407
6687
6691
6694
6699
6704
6713
6724
6729
6733
6735
6743
6745
6752
6764
6770
11812
11826
6775
6782
6789
6826
6833
6834
6848
6852
6860
11783
6897
11244
6906
6908
6910
6919
6930
6931
6932
6933
6934
6938
11031
6951
6952
6953
6957
6958
6965
11030
6969
6970
10635
6976
6984
6989
6990
7003
10922
7019
7025
7037
7041
7042
7047
6881
7050
11447
7057
7059
7073
7074
7075
11878
7104
11879
7110
7115
7117
7119
7127
7132
7137
7140
7147
11432
7156
11070
11842
7166
7167
7177
7186
7195
7201
7203
7204
11719
10576
10575
11881
7212
11064
7217
7231
7253
7255
7256
11304
11359
7265
7271
7272
7273
7275
11089
7280
11130
7292
7293
7295
11131
7301
10948
7312
11316
7315
7316
7322
7324
7326
7327
11211
11208
11209
11210
7332
11225
7346
7349
11276
7352
7356
7363
7368
7369
7370
7378
7379
7391
11431
7394
7399
10577
10611
11231
10795
7424
7425
10590
7428
7439
7440
7451
11721
7454
11326
7467
7470
7475
7476
7477
7478
7500
7504
7512
7525
7527
7529
10932
7555
11720
7563
11401
7575
11324
7593
7598
7606
7612
7620
7622
7631
7640
7641
7643
7644
7648
7662
7663
7670
10773
7675
11873
7677
7680
7684
7690
7695
7700
7702
11877
7703
7709
11384
7723
7728
7729
11740
7733
7734
7745
7748
7757
7761
7766
7772
11156
7777
7779
7792
7796
7811
7820
7827
11279
7833
11739
11862
7838
7841
7844
7845
7846
7847
10778
7850
7860
7862
7868
7870
7872
7874
7886
7891
7894
11202
7899
7902
7903
7908
7910
7912
7914
7918
7926
7930
7933
7940
7941
7942
11442
7945
11267
11441
7955
7957
7958
7964
11190
7970
7981
11060
7987
7994
7995
8000
8002
8007
11295
11296
8013
11025
8021
11769
11011
8025
8023
8032
8037
8038
8047
8049
8050
8052
10823
8054
8058
11164
8059
8060
8064
8065
8067
11283
8076
8077
8083
8085
8088
10680
8099
11742
8104
8111
11749
8120
8121
11309
8123
8137
8139
11336
8145
8148
8149
8150
8152
10947
8155
11337
8188
8192
8199
8218
8219
8220
8224
8167
8238
8242
8243
11219
8248
11220
10578
8177
8270
8279
8286
8300
8304
8311
8320
8321
8324
8325
8328
8330
8339
8341
8346
8348
8349
8352
8359
11057
8366
8376
8377
8379
8390
8394
8395
8400
8402
8403
8405
8409
8412
8434
8436
10838
8444
8452
8461
8462
8463
8464
8471
8481
8482
8485
8487
8491
8493
10882
8502
10927
8507
8511
8512
11122
8516
8519
8523
8524
8531
8535
8542
11085
11888
8559
8563
8565
8573
8576
8585
8587
8594
8598
11410
10791
8613
8614
8617
10777
8621
8624
8626
8628
8637
8640
8644
8649
10798
10785
8659
10792
8675
11810
11880
8682
8699
8704
8724
8729
8730
8732
8733
8734
8745
8748
8750
8762
11169
11193
11789
8797
8801
8807
11848
11772
11837
8830
8831
8834
8842
8847
8849
8865
11413
11733
8896
8916
8928
8932
8942
8951
8952
8962
8963
8973
8977
8979
8983
8991
8998
8999
9023
11314
9030
9046
11819
11353
9071
9072
11863
11813
10779
9091
10723
11294
9097
11870
9106
9113
9116
10993
9134
9145
9146
9153
9156
9164
10731
10730
9176
10990
9188
9197
11138
11221
9168
11569
11570
11575
11623
11477
11478
11479
11548
11571
11572
11573
11574
11709
11708
11711
11712
11714
11546
11480
11547
11617
11616
11618
11622
11620
11621
11481
11624
11507
11532
11523
11500
11505
11504
11534
11561
11503
11501
11502
11580
11554
11518
11516
11519
11533
11528
11558
11557
11559
11560
11506
11553
11582
11524
11522
11527
11526
11525
11530
11520
11521
11531
11529
11515
11556
11555
11669
11668
11654
11655
11517
11662
11667
11666
11661
11659
11665
11577
11578
11579
11576
11687
11656
11671
11658
11657
11670
11686
11680
11682
11681
11683
11679
11684
11685
11677
11676
11678
11673
11672
11675
11663
11508
11509
11510
11660
11674
11701
11693
11696
11539
11541
11540
11542
11535
11536
11514
11512
11511
11513
11688
11690
11691
11689
11692
11538
11537
11695
11698
11699
11697
11694
11700
11545
11543
11544
11615
11614
11613
11581
11566
11564
11562
11563
11706
11499
11496
11482
11483
11702
11636
11632
11627
11626
11628
11625
11630
11707
11704
11705
11497
11498
11488
11631
11637
11635
11634
11550
11552
11551
11489
11495
11493
11494
11641
11639
11640
11638
11643
11644
11645
11565
11703
11485
11486
11487
11629
11633
11567
11492
11490
11491
11484
11642
11603
11606
11597
11598
11612
11593
11595
11594
11596
11664
11607
11605
11604
11601
11600
11599
11602
11592
11609
11608
11610
11611
11568
11713
11549
11587
11586
11646
11653
11591
11652
11649
11588
11650
11647
11648
11583
11585
11584
11651
11590
11589
10579
11710
11619
