12026
12022
12083
12141
1
11889
32
50
80
87
112
119
124
151
152
11892
196
197
254
11898
307
11899
11900
340
341
343
359
11901
371
392
393
394
410
417
11902
439
11903
11904
11905
470
471
483
486
487
493
517
11906
544
11907
11908
11909
562
564
575
11910
589
590
594
595
597
598
11911
628
11912
640
11913
11914
11915
11916
679
685
11918
11919
11920
11922
11924
11923
754
11925
11926
11927
768
769
770
11928
11929
775
776
11930
11931
11933
11932
819
822
823
11934
827
833
11935
839
841
11936
11937
11938
11939
11940
11941
11942
862
864
865
11943
880
11944
883
11945
884
11946
11947
11948
11950
908
11951
912
928
963
11952
972
987
988
11955
11954
11956
1044
11957
1055
11961
11962
1078
1079
11963
11964
1107
1112
1115
1119
11965
1125
1134
1136
1147
1148
1155
11967
1171
1176
11968
1181
1188
1191
11969
1230
11953
1307
1318
1319
1341
1350
1355
1374
1377
1393
1402
1411
1414
1419
1420
1422
1423
1424
1428
1436
11970
1453
1457
11971
1485
1534
1549
1557
11972
1582
11973
1599
1616
1639
1653
1660
1673
1674
11974
1686
11975
11976
1709
1711
11978
1740
11979
1756
11981
11983
11984
11985
11986
11987
11982
1816
11980
1834
11991
1900
1903
11990
11992
11993
1928
11994
1947
1953
11995
1988
2006
11997
11999
12001
2046
12002
12003
2065
2071
12005
2090
2092
2095
2107
2113
11988
11989
11996
11998
12000
2141
12004
2153
2161
2170
12008
2211
2212
2213
2240
2245
12009
2280
12010
12011
12012
2306
2308
2315
2349
2350
2367
2369
2383
2389
12018
12019
2441
12020
12021
2468
2478
2497
2500
2511
2522
2538
12027
12028
2616
12030
12031
2633
2654
12032
12033
2685
12034
12035
2736
2737
12036
12037
12016
2848
2860
2873
2895
12023
2912
2914
12025
2926
12029
2958
2998
3007
3011
12017
3021
3038
3044
12041
3061
3065
12042
12043
3070
3078
3087
3092
3096
3100
3102
3108
3110
12047
12048
3127
3130
12049
12050
12051
3178
3206
3214
3221
3247
3251
12052
12053
3290
3293
3299
3315
12054
3394
12055
3410
3412
12057
12058
12059
12060
3428
12061
12062
12064
3489
12067
3510
12069
3542
3543
3544
3550
12071
3554
12072
3575
3579
3583
12073
3589
3602
3615
3622
12063
12065
3662
3663
3669
12068
12070
3685
3690
3703
12074
3724
12076
12077
12078
3758
12079
12080
12081
12082
3829
3839
3879
12084
3896
12085
12086
3910
3916
3919
3931
3932
3933
3971
3985
3986
3987
4012
4017
4067
4105
4140
4161
4166
4172
4176
4201
12092
12093
12091
12089
12088
4314
4321
4396
4431
12095
12096
4438
4473
4474
4492
4524
4527
10181
4550
4578
4583
4609
4666
12094
4790
4799
12097
12098
4832
4835
4867
4868
4869
4879
4888
12099
4968
4970
4973
12100
5013
12101
5038
5063
12102
12103
5100
5110
5153
5162
5165
5199
5204
5212
5224
5228
12104
5230
5308
5327
5359
5368
12106
12107
5503
5523
5531
5537
5568
5593
5631
5679
5688
5753
5780
5781
10674
12108
5795
12111
5827
5835
5836
12114
5889
12115
12116
12118
5936
5951
6003
6106
6121
12120
6133
6167
6168
12117
12119
6254
6258
6293
6296
6431
12121
12122
6456
6466
6481
6607
6629
6649
6651
6673
12124
6817
6836
6932
6964
7006
7040
7061
7126
7169
7219
7239
7263
7286
7297
7304
7317
7365
12125
7426
7431
12126
7464
7586
7588
7615
7621
7710
7711
7715
7762
12127
12128
7829
12129
7898
7906
7961
12130
7973
12131
8015
8030
8055
8080
8091
8097
12132
12133
8154
8190
8194
12134
8214
8227
12135
8264
12136
8183
8279
8396
12137
8418
8419
8428
8440
8442
12138
12139
8490
8534
12140
8574
8579
8610
8643
8653
8659
8660
8824
8857
8868
12142
8917
8960
8966
12145
9082
9092
9112
9117
9132
9165
12147
9169
9196
11890
11891
11893
11894
11895
11896
11897
11917
11921
11624
11949
11958
11959
11960
11966
11977
12006
12007
12013
12014
12015
12024
12044
12046
12045
12038
12039
12040
12056
12066
12075
12087
12090
12112
12109
12110
12105
12113
12123
12143
12144
12146
